# Time-averaged data for fix calcRDF
# TimeStep Number-of-rows
# Row c_myRDF[1] c_myRDF[2] c_myRDF[3]
50000 100
1 0.0125 0 0
2 0.0375 0 0
3 0.0625 0 0
4 0.0875 0 0
5 0.1125 0 0
6 0.1375 0 0
7 0.1625 0 0
8 0.1875 0 0
9 0.2125 0 0
10 0.2375 0 0
11 0.2625 0 0
12 0.2875 0 0
13 0.3125 0 0
14 0.3375 0 0
15 0.3625 0 0
16 0.3875 0 0
17 0.4125 0 0
18 0.4375 0 0
19 0.4625 0 0
20 0.4875 0 0
21 0.5125 0 0
22 0.5375 0 0
23 0.5625 0 0
24 0.5875 0 0
25 0.6125 0 0
26 0.6375 0 0
27 0.6625 0 0
28 0.6875 0 0
29 0.7125 0 0
30 0.7375 0 0
31 0.7625 0 0
32 0.7875 0 0
33 0.8125 0 0
34 0.8375 0 0
35 0.8625 0 0
36 0.8875 0.00121838 0.00012
37 0.9125 0.00902823 0.00106
38 0.9375 0.0871696 0.01064
39 0.9625 0.323205 0.04808
40 0.9875 0.732519 0.1374
41 1.0125 1.24428 0.2969
42 1.0375 1.72725 0.52938
43 1.0625 2.05753 0.81982
44 1.0875 2.20638 1.1461
45 1.1125 2.22723 1.49078
46 1.1375 2.2319 1.85188
47 1.1625 2.06581 2.20096
48 1.1875 1.91884 2.5393
49 1.2125 1.79668 2.86958
50 1.2375 1.6937 3.1939
51 1.2625 1.55172 3.50316
52 1.2875 1.47787 3.80948
53 1.3125 1.35776 4.10194
54 1.3375 1.28173 4.38864
55 1.3625 1.23366 4.675
56 1.3875 1.15047 4.95194
57 1.4125 1.09648 5.22548
58 1.4375 1.06812 5.50146
59 1.4625 1.02212 5.77482
60 1.4875 0.994628 6.05
61 1.5125 0.961111 6.32492
62 1.5375 0.94344 6.60378
63 1.5625 0.936816 6.88976
64 1.5875 0.925949 7.18154
65 1.6125 0.920529 7.48082
66 1.6375 0.893829 7.7805
67 1.6625 0.894118 8.0895
68 1.6875 0.895121 8.40822
69 1.7125 0.90872 8.74144
70 1.7375 0.905965 9.08342
71 1.7625 0.910775 9.43718
72 1.7875 0.919018 9.80434
73 1.8125 0.925489 10.1845
74 1.8375 0.94463 10.5833
75 1.8625 0.96011 10.9997
76 1.8875 0.973637 11.4335
77 1.9125 0.996103 11.889
78 1.9375 1.00005 12.3584
79 1.9625 1.03296 12.8559
80 1.9875 1.03791 13.3685
81 2.0125 1.06509 13.9079
82 2.0375 1.08585 14.4715
83 2.0625 1.08518 15.0487
84 2.0875 1.09032 15.6428
85 2.1125 1.10997 16.2622
86 2.1375 1.11052 16.8966
87 2.1625 1.09926 17.5393
88 2.1875 1.1068 18.2016
89 2.2125 1.09859 18.874
90 2.2375 1.10463 19.5655
91 2.2625 1.10632 20.2736
92 2.2875 1.07979 20.98
93 2.3125 1.09001 21.7089
94 2.3375 1.07414 22.4427
95 2.3625 1.05213 23.177
96 2.3875 1.06046 23.9328
97 2.4125 1.04198 24.6911
98 2.4375 1.0335 25.4589
99 2.4625 1.03209 26.2414
100 2.4875 1.02244 27.0324
100000 100
1 0.0125 0 0
2 0.0375 0 0
3 0.0625 0 0
4 0.0875 0 0
5 0.1125 0 0
6 0.1375 0 0
7 0.1625 0 0
8 0.1875 0 0
9 0.2125 0 0
10 0.2375 0 0
11 0.2625 0 0
12 0.2875 0 0
13 0.3125 0 0
14 0.3375 0 0
15 0.3625 0 0
16 0.3875 0 0
17 0.4125 0 0
18 0.4375 0 0
19 0.4625 0 0
20 0.4875 0 0
21 0.5125 0 0
22 0.5375 0 0
23 0.5625 0 0
24 0.5875 0 0
25 0.6125 0 0
26 0.6375 0 0
27 0.6625 0 0
28 0.6875 0 0
29 0.7125 0 0
30 0.7375 0 0
31 0.7625 0 0
32 0.7875 0 0
33 0.8125 0 0
34 0.8375 0 0
35 0.8625 0 0
36 0.8875 0.000609191 6e-05
37 0.9125 0.0147909 0.0016
38 0.9375 0.083166 0.01074
39 0.9625 0.308529 0.04648
40 0.9875 0.735964 0.13622
41 1.0125 1.26003 0.29774
42 1.0375 1.72889 0.53044
43 1.0625 2.04336 0.81888
44 1.0875 2.22342 1.14768
45 1.1125 2.24571 1.49522
46 1.1375 2.15044 1.84314
47 1.1625 2.07587 2.19392
48 1.1875 1.93301 2.53476
49 1.2125 1.83541 2.87216
50 1.2375 1.67511 3.19292
51 1.2625 1.57751 3.50732
52 1.2875 1.43184 3.8041
53 1.3125 1.3559 4.09616
54 1.3375 1.28745 4.38414
55 1.3625 1.22814 4.66922
56 1.3875 1.13851 4.94328
57 1.4125 1.11813 5.22222
58 1.4375 1.06657 5.4978
59 1.4625 1.03311 5.7741
60 1.4875 0.990146 6.04804
61 1.5125 0.972228 6.32614
62 1.5375 0.943102 6.6049
63 1.5625 0.931181 6.88916
64 1.5875 0.914715 7.1774
65 1.6125 0.91124 7.47366
66 1.6375 0.897945 7.77472
67 1.6625 0.893366 8.08346
68 1.6875 0.893717 8.40168
69 1.7125 0.899284 8.73144
70 1.7375 0.907555 9.07402
71 1.7625 0.894761 9.42156
72 1.7875 0.919469 9.7889
73 1.8125 0.924661 10.1687
74 1.8375 0.954152 10.5715
75 1.8625 0.955776 10.9861
76 1.8875 0.973951 11.42
77 1.9125 0.997984 11.8764
78 1.9375 0.999282 12.3454
79 1.9625 1.01269 12.8331
80 1.9875 1.04281 13.3482
81 2.0125 1.05845 13.8842
82 2.0375 1.08411 14.4469
83 2.0625 1.08413 15.0236
84 2.0875 1.09153 15.6183
85 2.1125 1.09395 16.2287
86 2.1375 1.11476 16.8656
87 2.1625 1.10719 17.513
88 2.1875 1.10075 18.1716
89 2.2125 1.10983 18.8509
90 2.2375 1.10495 19.5425
91 2.2625 1.09948 20.2463
92 2.2875 1.09853 20.965
93 2.3125 1.08011 21.6872
94 2.3375 1.06709 22.4162
95 2.3625 1.05663 23.1536
96 2.3875 1.05687 23.9069
97 2.4125 1.03871 24.6628
98 2.4375 1.0286 25.4269
99 2.4625 1.03333 26.2104
100 2.4875 1.0167 26.997
150000 100
1 0.0125 0 0
2 0.0375 0 0
3 0.0625 0 0
4 0.0875 0 0
5 0.1125 0 0
6 0.1375 0 0
7 0.1625 0 0
8 0.1875 0 0
9 0.2125 0 0
10 0.2375 0 0
11 0.2625 0 0
12 0.2875 0 0
13 0.3125 0 0
14 0.3375 0 0
15 0.3625 0 0
16 0.3875 0 0
17 0.4125 0 0
18 0.4375 0 0
19 0.4625 0 0
20 0.4875 0 0
21 0.5125 0 0
22 0.5375 0 0
23 0.5625 0 0
24 0.5875 0 0
25 0.6125 0 0
26 0.6375 0 0
27 0.6625 0 0
28 0.6875 0 0
29 0.7125 0 0
30 0.7375 0 0
31 0.7625 0 0
32 0.7875 0 0
33 0.8125 0 0
34 0.8375 0 0
35 0.8625 0 0
36 0.8875 0.00101532 0.0001
37 0.9125 0.0111412 0.00126
38 0.9375 0.0778885 0.00982
39 0.9625 0.319579 0.04684
40 0.9875 0.74072 0.13716
41 1.0125 1.24115 0.29626
42 1.0375 1.72235 0.52808
43 1.0625 2.0112 0.81198
44 1.0875 2.24682 1.14424
45 1.1125 2.22917 1.48922
46 1.1375 2.18381 1.84254
47 1.1625 2.04983 2.18892
48 1.1875 1.93041 2.5293
49 1.2125 1.78928 2.85822
50 1.2375 1.68576 3.18102
51 1.2625 1.55413 3.49076
52 1.2875 1.4576 3.79288
53 1.3125 1.37141 4.08828
54 1.3375 1.27296 4.37302
55 1.3625 1.21591 4.65526
56 1.3875 1.14507 4.9309
57 1.4125 1.11845 5.20992
58 1.4375 1.06997 5.48638
59 1.4625 1.03199 5.76238
60 1.4875 0.996724 6.03814
61 1.5125 0.956916 6.31186
62 1.5375 0.956093 6.59446
63 1.5625 0.914999 6.87378
64 1.5875 0.921887 7.16428
65 1.6125 0.902135 7.45758
66 1.6375 0.909279 7.76244
67 1.6625 0.901815 8.0741
68 1.6875 0.890852 8.3913
69 1.7125 0.891812 8.71832
70 1.7375 0.913171 9.06302
71 1.7625 0.901558 9.4132
72 1.7875 0.913361 9.7781
73 1.8125 0.923152 10.1573
74 1.8375 0.940603 10.5544
75 1.8625 0.954669 10.9685
76 1.8875 0.969237 11.4002
77 1.9125 0.978655 11.8478
78 1.9375 0.990803 12.3129
79 1.9625 1.02744 12.8077
80 1.9875 1.03309 13.3179
81 2.0125 1.04795 13.8486
82 2.0375 1.06963 14.4038
83 2.0625 1.08766 14.9824
84 2.0875 1.09553 15.5793
85 2.1125 1.09718 16.1915
86 2.1375 1.12736 16.8355
87 2.1625 1.11838 17.4895
88 2.1875 1.11382 18.1559
89 2.2125 1.1014 18.83
90 2.2375 1.10939 19.5245
91 2.2625 1.09013 20.2222
92 2.2875 1.08634 20.933
93 2.3125 1.07605 21.6525
94 2.3375 1.0749 22.3869
95 2.3625 1.06468 23.1299
96 2.3875 1.04461 23.8744
97 2.4125 1.03558 24.628
98 2.4375 1.02998 25.3932
99 2.4625 1.03054 26.1745
100 2.4875 1.01078 26.9566
200000 100
1 0.0125 0 0
2 0.0375 0 0
3 0.0625 0 0
4 0.0875 0 0
5 0.1125 0 0
6 0.1375 0 0
7 0.1625 0 0
8 0.1875 0 0
9 0.2125 0 0
10 0.2375 0 0
11 0.2625 0 0
12 0.2875 0 0
13 0.3125 0 0
14 0.3375 0 0
15 0.3625 0 0
16 0.3875 0 0
17 0.4125 0 0
18 0.4375 0 0
19 0.4625 0 0
20 0.4875 0 0
21 0.5125 0 0
22 0.5375 0 0
23 0.5625 0 0
24 0.5875 0 0
25 0.6125 0 0
26 0.6375 0 0
27 0.6625 0 0
28 0.6875 0 0
29 0.7125 0 0
30 0.7375 0 0
31 0.7625 0 0
32 0.7875 0 0
33 0.8125 0 0
34 0.8375 0 0
35 0.8625 0 0
36 0.8875 0.000812255 8e-05
37 0.9125 0.0119096 0.00132
38 0.9375 0.0780705 0.0099
39 0.9625 0.305249 0.04526
40 0.9875 0.747117 0.13636
41 1.0125 1.25036 0.29664
42 1.0375 1.70437 0.52604
43 1.0625 2.03444 0.81322
44 1.0875 2.15851 1.13242
45 1.1125 2.23033 1.47758
46 1.1375 2.15415 1.8261
47 1.1625 2.08368 2.1782
48 1.1875 1.94946 2.52194
49 1.2125 1.79222 2.8514
50 1.2375 1.66623 3.17046
51 1.2625 1.55654 3.48068
52 1.2875 1.44979 3.78118
53 1.3125 1.38552 4.07962
54 1.3375 1.27359 4.3645
55 1.3625 1.23185 4.65044
56 1.3875 1.14947 4.92714
57 1.4125 1.0964 5.20066
58 1.4375 1.04869 5.47162
59 1.4625 1.00679 5.74088
60 1.4875 0.993182 6.01566
61 1.5125 0.978591 6.29558
62 1.5375 0.944387 6.57472
63 1.5625 0.934981 6.86014
64 1.5875 0.925822 7.15188
65 1.6125 0.906503 7.4466
66 1.6375 0.904328 7.7498
67 1.6625 0.896549 8.05964
68 1.6875 0.894896 8.37828
69 1.7125 0.884721 8.7027
70 1.7375 0.891977 9.0394
71 1.7625 0.903721 9.39042
72 1.7875 0.913061 9.7552
73 1.8125 0.933279 10.1386
74 1.8375 0.931128 10.5317
75 1.8625 0.955684 10.9462
76 1.8875 0.952401 11.3704
77 1.9125 0.989587 11.823
78 1.9375 0.992081 12.2887
79 1.9625 1.03445 12.7868
80 1.9875 1.03556 13.2983
81 2.0125 1.05743 13.8338
82 2.0375 1.06412 14.3862
83 2.0625 1.0801 14.9607
84 2.0875 1.09271 15.5561
85 2.1125 1.09918 16.1694
86 2.1375 1.11224 16.8048
87 2.1625 1.10247 17.4494
88 2.1875 1.10122 18.1083
89 2.2125 1.10418 18.7842
90 2.2375 1.10441 19.4755
91 2.2625 1.09373 20.1755
92 2.2875 1.08322 20.8843
93 2.3125 1.06674 21.5975
94 2.3375 1.07086 22.3291
95 2.3625 1.06176 23.0701
96 2.3875 1.0507 23.819
97 2.4125 1.04006 24.5759
98 2.4375 1.02909 25.3404
99 2.4625 1.01537 26.1102
100 2.4875 1.01538 26.8958
250000 100
1 0.0125 0 0
2 0.0375 0 0
3 0.0625 0 0
4 0.0875 0 0
5 0.1125 0 0
6 0.1375 0 0
7 0.1625 0 0
8 0.1875 0 0
9 0.2125 0 0
10 0.2375 0 0
11 0.2625 0 0
12 0.2875 0 0
13 0.3125 0 0
14 0.3375 0 0
15 0.3625 0 0
16 0.3875 0 0
17 0.4125 0 0
18 0.4375 0 0
19 0.4625 0 0
20 0.4875 0 0
21 0.5125 0 0
22 0.5375 0 0
23 0.5625 0 0
24 0.5875 0 0
25 0.6125 0 0
26 0.6375 0 0
27 0.6625 0 0
28 0.6875 0 0
29 0.7125 0 0
30 0.7375 0 0
31 0.7625 0 0
32 0.7875 0 0
33 0.8125 0 0
34 0.8375 0 0
35 0.8625 0 0
36 0.8875 0.000812255 8e-05
37 0.9125 0.010565 0.00118
38 0.9375 0.0889894 0.01096
39 0.9625 0.303004 0.04606
40 0.9875 0.723006 0.13422
41 1.0125 1.27064 0.2971
42 1.0375 1.70883 0.5271
43 1.0625 2.05172 0.81672
44 1.0875 2.19002 1.14058
45 1.1125 2.22387 1.48474
46 1.1375 2.20916 1.84216
47 1.1625 2.06853 2.1917
48 1.1875 1.93823 2.53346
49 1.2125 1.80169 2.86466
50 1.2375 1.68367 3.18706
51 1.2625 1.55152 3.49628
52 1.2875 1.4411 3.79498
53 1.3125 1.36184 4.08832
54 1.3375 1.28468 4.37568
55 1.3625 1.21444 4.65758
56 1.3875 1.14133 4.93232
57 1.4125 1.09335 5.20508
58 1.4375 1.0627 5.47966
59 1.4625 1.01187 5.75028
60 1.4875 0.998965 6.02666
61 1.5125 0.973067 6.305
62 1.5375 0.946823 6.58486
63 1.5625 0.942319 6.87252
64 1.5875 0.906654 7.15822
65 1.6125 0.918068 7.4567
66 1.6375 0.900987 7.75878
67 1.6625 0.901989 8.0705
68 1.6875 0.886808 8.38626
69 1.7125 0.895248 8.71454
70 1.7375 0.893938 9.05198
71 1.7625 0.900786 9.40186
72 1.7875 0.925276 9.77152
73 1.8125 0.925587 10.1517
74 1.8375 0.941361 10.5491
75 1.8625 0.962416 10.9666
76 1.8875 0.968564 11.398
77 1.9125 0.980448 11.8464
78 1.9375 0.997152 12.3145
79 1.9625 1.03084 12.8109
80 1.9875 1.03909 13.3241
81 2.0125 1.05778 13.8598
82 2.0375 1.06585 14.4131
83 2.0625 1.08206 14.9886
84 2.0875 1.09898 15.5874
85 2.1125 1.10811 16.2057
86 2.1375 1.10783 16.8386
87 2.1625 1.10829 17.4866
88 2.1875 1.10523 18.1479
89 2.2125 1.10791 18.826
90 2.2375 1.09782 19.5133
91 2.2625 1.08585 20.2083
92 2.2875 1.07613 20.9123
93 2.3125 1.09049 21.6415
94 2.3375 1.06395 22.3684
95 2.3625 1.04809 23.0998
96 2.3875 1.05634 23.8527
97 2.4125 1.03948 24.6092
98 2.4375 1.02895 25.3736
99 2.4625 1.02418 26.1501
100 2.4875 1.01223 26.9332
300000 100
1 0.0125 0 0
2 0.0375 0 0
3 0.0625 0 0
4 0.0875 0 0
5 0.1125 0 0
6 0.1375 0 0
7 0.1625 0 0
8 0.1875 0 0
9 0.2125 0 0
10 0.2375 0 0
11 0.2625 0 0
12 0.2875 0 0
13 0.3125 0 0
14 0.3375 0 0
15 0.3625 0 0
16 0.3875 0 0
17 0.4125 0 0
18 0.4375 0 0
19 0.4625 0 0
20 0.4875 0 0
21 0.5125 0 0
22 0.5375 0 0
23 0.5625 0 0
24 0.5875 0 0
25 0.6125 0 0
26 0.6375 0 0
27 0.6625 0 0
28 0.6875 0 0
29 0.7125 0 0
30 0.7375 0 0
31 0.7625 0 0
32 0.7875 0 0
33 0.8125 0 0
34 0.8375 0 0
35 0.8625 0 0
36 0.8875 0.000812255 8e-05
37 0.9125 0.0119096 0.00132
38 0.9375 0.0808002 0.0102
39 0.9625 0.301278 0.0451
40 0.9875 0.720218 0.13292
41 1.0125 1.23741 0.29154
42 1.0375 1.70987 0.52168
43 1.0625 2.06249 0.81282
44 1.0875 2.18812 1.1364
45 1.1125 2.266 1.48708
46 1.1375 2.19098 1.84156
47 1.1625 2.03764 2.18588
48 1.1875 1.96387 2.53216
49 1.2125 1.80016 2.86308
50 1.2375 1.66884 3.18264
51 1.2625 1.55152 3.49186
52 1.2875 1.46542 3.7956
53 1.3125 1.36899 4.09048
54 1.3375 1.2591 4.37212
55 1.3625 1.2228 4.65596
56 1.3875 1.14873 4.93248
57 1.4125 1.09031 5.20448
58 1.4375 1.06285 5.4791
59 1.4625 1.02414 5.753
60 1.4875 0.996363 6.02866
61 1.5125 0.964397 6.30452
62 1.5375 0.953725 6.58642
63 1.5625 0.930395 6.87044
64 1.5875 0.905321 7.15572
65 1.6125 0.887741 7.44434
66 1.6375 0.908921 7.74908
67 1.6625 0.895507 8.05856
68 1.6875 0.889054 8.37512
69 1.7125 0.901629 8.70574
70 1.7375 0.91121 9.0497
71 1.7625 0.901558 9.39988
72 1.7875 0.907003 9.76224
73 1.8125 0.927972 10.1434
74 1.8375 0.941645 10.541
75 1.8625 0.952641 10.9542
76 1.8875 0.960033 11.3818
77 1.9125 0.985258 11.8324
78 1.9375 0.993786 12.2989
79 1.9625 1.01909 12.7896
80 1.9875 1.03605 13.3014
81 2.0125 1.05075 13.8335
82 2.0375 1.07668 14.3924
83 2.0625 1.08292 14.9684
84 2.0875 1.09858 15.5669
85 2.1125 1.10098 16.1813
86 2.1375 1.10041 16.8099
87 2.1625 1.10842 17.458
88 2.1875 1.09928 18.1158
89 2.2125 1.1166 18.7992
90 2.2375 1.10316 19.4898
91 2.2625 1.09791 20.1925
92 2.2875 1.08527 20.9025
93 2.3125 1.08388 21.6273
94 2.3375 1.06785 22.3568
95 2.3625 1.05334 23.0919
96 2.3875 1.04093 23.8338
97 2.4125 1.03516 24.5871
98 2.4375 1.0349 25.356
99 2.4625 1.01793 26.1278
100 2.4875 1.01796 26.9153
350000 100
1 0.0125 0 0
2 0.0375 0 0
3 0.0625 0 0
4 0.0875 0 0
5 0.1125 0 0
6 0.1375 0 0
7 0.1625 0 0
8 0.1875 0 0
9 0.2125 0 0
10 0.2375 0 0
11 0.2625 0 0
12 0.2875 0 0
13 0.3125 0 0
14 0.3375 0 0
15 0.3625 0 0
16 0.3875 0 0
17 0.4125 0 0
18 0.4375 0 0
19 0.4625 0 0
20 0.4875 0 0
21 0.5125 0 0
22 0.5375 0 0
23 0.5625 0 0
24 0.5875 0 0
25 0.6125 0 0
26 0.6375 0 0
27 0.6625 0 0
28 0.6875 0 0
29 0.7125 0 0
30 0.7375 0 0
31 0.7625 0 0
32 0.7875 0 0
33 0.8125 0 0
34 0.8375 0 0
35 0.8625 0 0
36 0.8875 0.000406127 4e-05
37 0.9125 0.00941241 0.00102
38 0.9375 0.0838939 0.01024
39 0.9625 0.290919 0.04394
40 0.9875 0.737768 0.1339
41 1.0125 1.21962 0.29024
42 1.0375 1.691 0.51784
43 1.0625 2.06334 0.8091
44 1.0875 2.198 1.13414
45 1.1125 2.23731 1.48038
46 1.1375 2.17096 1.83162
47 1.1625 2.07362 2.18202
48 1.1875 1.93596 2.52338
49 1.2125 1.78058 2.8507
50 1.2375 1.67323 3.1711
51 1.2625 1.56316 3.48264
52 1.2875 1.44236 3.7816
53 1.3125 1.35404 4.07326
54 1.3375 1.28495 4.36068
55 1.3625 1.22478 4.64498
56 1.3875 1.15529 4.92308
57 1.4125 1.10113 5.19778
58 1.4375 1.05333 5.46994
59 1.4625 1.00978 5.74
60 1.4875 0.999543 6.01654
61 1.5125 0.967544 6.2933
62 1.5375 0.932681 6.56898
63 1.5625 0.92594 6.85164
64 1.5875 0.916048 7.1403
65 1.6125 0.907795 7.43544
66 1.6375 0.891741 7.73442
67 1.6625 0.893018 8.04304
68 1.6875 0.888717 8.35948
69 1.7125 0.891757 8.68648
70 1.7375 0.900296 9.02632
71 1.7625 0.914019 9.38134
72 1.7875 0.922322 9.74982
73 1.8125 0.912635 10.1247
74 1.8375 0.946572 10.5243
75 1.8625 0.958635 10.9401
76 1.8875 0.967621 11.3712
77 1.9125 0.981497 11.82
78 1.9375 0.995149 12.2871
79 1.9625 1.01697 12.7769
80 1.9875 1.03411 13.2876
81 2.0125 1.04976 13.8193
82 2.0375 1.07221 14.3758
83 2.0625 1.08052 14.9505
84 2.0875 1.10313 15.5516
85 2.1125 1.09539 16.1628
86 2.1375 1.10629 16.7948
87 2.1625 1.10394 17.4403
88 2.1875 1.10135 18.0993
89 2.2125 1.10216 18.7739
90 2.2375 1.09012 19.4563
91 2.2625 1.10013 20.1604
92 2.2875 1.07738 20.8653
93 2.3125 1.07294 21.5827
94 2.3375 1.07236 22.3154
95 2.3625 1.06084 23.0557
96 2.3875 1.04983 23.8039
97 2.4125 1.04921 24.5675
98 2.4375 1.02798 25.3312
99 2.4625 1.02362 26.1073
100 2.4875 1.00912 26.888
400000 100
1 0.0125 0 0
2 0.0375 0 0
3 0.0625 0 0
4 0.0875 0 0
5 0.1125 0 0
6 0.1375 0 0
7 0.1625 0 0
8 0.1875 0 0
9 0.2125 0 0
10 0.2375 0 0
11 0.2625 0 0
12 0.2875 0 0
13 0.3125 0 0
14 0.3375 0 0
15 0.3625 0 0
16 0.3875 0 0
17 0.4125 0 0
18 0.4375 0 0
19 0.4625 0 0
20 0.4875 0 0
21 0.5125 0 0
22 0.5375 0 0
23 0.5625 0 0
24 0.5875 0 0
25 0.6125 0 0
26 0.6375 0 0
27 0.6625 0 0
28 0.6875 0 0
29 0.7125 0 0
30 0.7375 0 0
31 0.7625 0 0
32 0.7875 0 0
33 0.8125 0 0
34 0.8375 0 0
35 0.8625 0 0
36 0.8875 0.00101532 0.0001
37 0.9125 0.0109491 0.00124
38 0.9375 0.0771606 0.00972
39 0.9625 0.308875 0.0455
40 0.9875 0.713165 0.13246
41 1.0125 1.2669 0.29486
42 1.0375 1.71225 0.52532
43 1.0625 2.07893 0.81878
44 1.0875 2.19948 1.14404
45 1.1125 2.20849 1.48582
46 1.1375 2.14636 1.83308
47 1.1625 2.05906 2.18102
48 1.1875 1.94232 2.5235
49 1.2125 1.80974 2.85618
50 1.2375 1.68754 3.17932
51 1.2625 1.55032 3.4883
52 1.2875 1.46175 3.79128
53 1.3125 1.36862 4.08608
54 1.3375 1.26724 4.36954
55 1.3625 1.20876 4.65012
56 1.3875 1.17099 4.932
57 1.4125 1.08991 5.2039
58 1.4375 1.06866 5.48002
59 1.4625 1.03311 5.75632
60 1.4875 0.998676 6.03262
61 1.5125 0.969152 6.30984
62 1.5375 0.954063 6.59184
63 1.5625 0.917816 6.87202
64 1.5875 0.921633 7.16244
65 1.6125 0.906196 7.45706
66 1.6375 0.906654 7.76104
67 1.6625 0.912926 8.07654
68 1.6875 0.889841 8.39338
69 1.7125 0.892303 8.72058
70 1.7375 0.903846 9.06176
71 1.7625 0.917572 9.41816
72 1.7875 0.92037 9.78586
73 1.8125 0.921351 10.1643
74 1.8375 0.917295 10.5516
75 1.8625 0.956329 10.9664
76 1.8875 0.975657 11.401
77 1.9125 0.986439 11.8521
78 1.9375 1.0041 12.3234
79 1.9625 1.01323 12.8114
80 1.9875 1.04107 13.3256
81 2.0125 1.05344 13.8591
82 2.0375 1.06531 14.412
83 2.0625 1.07514 14.9839
84 2.0875 1.09337 15.5796
85 2.1125 1.11248 16.2004
86 2.1375 1.10762 16.8332
87 2.1625 1.11096 17.4828
88 2.1875 1.11606 18.1505
89 2.2125 1.10317 18.8257
90 2.2375 1.09846 19.5134
91 2.2625 1.09404 20.2136
92 2.2875 1.0867 20.9246
93 2.3125 1.07105 21.6408
94 2.3375 1.06928 22.3713
95 2.3625 1.05606 23.1083
96 2.3875 1.04994 23.8566
97 2.4125 1.04333 24.6159
98 2.4375 1.04029 25.3887
99 2.4625 1.02138 26.1631
100 2.4875 1.01964 26.952
450000 100
1 0.0125 0 0
2 0.0375 0 0
3 0.0625 0 0
4 0.0875 0 0
5 0.1125 0 0
6 0.1375 0 0
7 0.1625 0 0
8 0.1875 0 0
9 0.2125 0 0
10 0.2375 0 0
11 0.2625 0 0
12 0.2875 0 0
13 0.3125 0 0
14 0.3375 0 0
15 0.3625 0 0
16 0.3875 0 0
17 0.4125 0 0
18 0.4375 0 0
19 0.4625 0 0
20 0.4875 0 0
21 0.5125 0 0
22 0.5375 0 0
23 0.5625 0 0
24 0.5875 0 0
25 0.6125 0 0
26 0.6375 0 0
27 0.6625 0 0
28 0.6875 0 0
29 0.7125 0 0
30 0.7375 0 0
31 0.7625 0 0
32 0.7875 0 0
33 0.8125 0 0
34 0.8375 0 0
35 0.8625 0 0
36 0.8875 0.000203064 2e-05
37 0.9125 0.0113333 0.0012
38 0.9375 0.0760687 0.00956
39 0.9625 0.309911 0.04546
40 0.9875 0.726123 0.134
41 1.0125 1.23741 0.29262
42 1.0375 1.72503 0.5248
43 1.0625 2.05172 0.81442
44 1.0875 2.18812 1.138
45 1.1125 2.20177 1.47874
46 1.1375 2.18344 1.832
47 1.1625 2.07575 2.18276
48 1.1875 1.94765 2.52618
49 1.2125 1.80267 2.85756
50 1.2375 1.6632 3.17604
51 1.2625 1.57561 3.49006
52 1.2875 1.46262 3.79322
53 1.3125 1.36398 4.08702
54 1.3375 1.28915 4.37538
55 1.3625 1.21341 4.65704
56 1.3875 1.15172 4.93428
57 1.4125 1.09087 5.20642
58 1.4375 1.0771 5.48472
59 1.4625 1.02922 5.75998
60 1.4875 0.995712 6.03546
61 1.5125 0.968173 6.3124
62 1.5375 0.941816 6.59078
63 1.5625 0.923975 6.87284
64 1.5875 0.911922 7.1602
65 1.6125 0.905273 7.45452
66 1.6375 0.900093 7.7563
67 1.6625 0.903146 8.06842
68 1.6875 0.893773 8.38666
69 1.7125 0.894757 8.71476
70 1.7375 0.904799 9.0563
71 1.7625 0.901403 9.40642
72 1.7875 0.916415 9.77254
73 1.8125 0.928021 10.1537
74 1.8375 0.943398 10.552
75 1.8625 0.957298 10.9672
76 1.8875 0.961874 11.3957
77 1.9125 0.98364 11.8456
78 1.9375 1.00103 12.3154
79 1.9625 1.00974 12.8017
80 1.9875 1.04816 13.3194
81 2.0125 1.06169 13.8571
82 2.0375 1.08042 14.4179
83 2.0625 1.08766 14.9964
84 2.0875 1.09458 15.5928
85 2.1125 1.09728 16.2051
86 2.1375 1.11483 16.842
87 2.1625 1.10579 17.4885
88 2.1875 1.10299 18.1485
89 2.2125 1.10895 18.8272
90 2.2375 1.08952 19.5093
91 2.2625 1.09732 20.2116
92 2.2875 1.09059 20.9251
93 2.3125 1.07461 21.6437
94 2.3375 1.06381 22.3705
95 2.3625 1.05758 23.1085
96 2.3875 1.045 23.8533
97 2.4125 1.04789 24.6159
98 2.4375 1.03749 25.3866
99 2.4625 1.01582 26.1568
100 2.4875 1.02202 26.9476
500000 100
1 0.0125 0 0
2 0.0375 0 0
3 0.0625 0 0
4 0.0875 0 0
5 0.1125 0 0
6 0.1375 0 0
7 0.1625 0 0
8 0.1875 0 0
9 0.2125 0 0
10 0.2375 0 0
11 0.2625 0 0
12 0.2875 0 0
13 0.3125 0 0
14 0.3375 0 0
15 0.3625 0 0
16 0.3875 0 0
17 0.4125 0 0
18 0.4375 0 0
19 0.4625 0 0
20 0.4875 0 0
21 0.5125 0 0
22 0.5375 0 0
23 0.5625 0 0
24 0.5875 0 0
25 0.6125 0 0
26 0.6375 0 0
27 0.6625 0 0
28 0.6875 0 0
29 0.7125 0 0
30 0.7375 0 0
31 0.7625 0 0
32 0.7875 0 0
33 0.8125 0 0
34 0.8375 0 0
35 0.8625 0 0
36 0.8875 0.000812255 8e-05
37 0.9125 0.010565 0.00118
38 0.9375 0.0809822 0.01008
39 0.9625 0.31768 0.04688
40 0.9875 0.72399 0.13516
41 1.0125 1.23257 0.29316
42 1.0375 1.72532 0.52538
43 1.0625 2.07864 0.8188
44 1.0875 2.22275 1.1475
45 1.1125 2.22206 1.49138
46 1.1375 2.15242 1.83962
47 1.1625 2.07717 2.19062
48 1.1875 1.94027 2.53274
49 1.2125 1.78428 2.86074
50 1.2375 1.68524 3.18344
51 1.2625 1.56527 3.4954
52 1.2875 1.45953 3.79792
53 1.3125 1.36834 4.09266
54 1.3375 1.28369 4.3798
55 1.3625 1.2166 4.6622
56 1.3875 1.14482 4.93778
57 1.4125 1.10931 5.21452
58 1.4375 1.04188 5.48372
59 1.4625 1.02892 5.7589
60 1.4875 0.984218 6.0312
61 1.5125 0.958804 6.30546
62 1.5375 0.940192 6.58336
63 1.5625 0.928364 6.86676
64 1.5875 0.903925 7.1516
65 1.6125 0.910502 7.44762
66 1.6375 0.898184 7.74876
67 1.6625 0.880865 8.05318
68 1.6875 0.889448 8.36988
69 1.7125 0.896066 8.69846
70 1.7375 0.90427 9.0398
71 1.7625 0.911187 9.39372
72 1.7875 0.908756 9.75678
73 1.8125 0.924126 10.1364
74 1.8375 0.925775 10.5272
75 1.8625 0.957989 10.9427
76 1.8875 0.970719 11.3752
77 1.9125 0.973844 11.8205
78 1.9375 0.998089 12.289
79 1.9625 1.03092 12.7855
80 1.9875 1.04443 13.3013
81 2.0125 1.05786 13.8371
82 2.0375 1.08011 14.3977
83 2.0625 1.08003 14.9722
84 2.0875 1.08496 15.5633
85 2.1125 1.09004 16.1716
86 2.1375 1.11444 16.8082
87 2.1625 1.10733 17.4557
88 2.1875 1.1062 18.1176
89 2.2125 1.10748 18.7954
90 2.2375 1.1015 19.485
91 2.2625 1.08729 20.1809
92 2.2875 1.09428 20.8968
93 2.3125 1.082 21.6203
94 2.3375 1.05787 22.343
95 2.3625 1.06256 23.0846
96 2.3875 1.05799 23.8386
97 2.4125 1.03764 24.5938
98 2.4375 1.02473 25.355
99 2.4625 1.01843 26.1272
100 2.4875 1.00905 26.9079
550000 100
1 0.0125 0 0
2 0.0375 0 0
3 0.0625 0 0
4 0.0875 0 0
5 0.1125 0 0
6 0.1375 0 0
7 0.1625 0 0
8 0.1875 0 0
9 0.2125 0 0
10 0.2375 0 0
11 0.2625 0 0
12 0.2875 0 0
13 0.3125 0 0
14 0.3375 0 0
15 0.3625 0 0
16 0.3875 0 0
17 0.4125 0 0
18 0.4375 0 0
19 0.4625 0 0
20 0.4875 0 0
21 0.5125 0 0
22 0.5375 0 0
23 0.5625 0 0
24 0.5875 0 0
25 0.6125 0 0
26 0.6375 0 0
27 0.6625 0 0
28 0.6875 0 0
29 0.7125 0 0
30 0.7375 0 0
31 0.7625 0 0
32 0.7875 0 0
33 0.8125 0 0
34 0.8375 0 0
35 0.8625 0 0
36 0.8875 0.000203064 2e-05
37 0.9125 0.0096045 0.00102
38 0.9375 0.0877155 0.01066
39 0.9625 0.299724 0.04538
40 0.9875 0.748265 0.13662
41 1.0125 1.25301 0.29724
42 1.0375 1.71254 0.52774
43 1.0625 2.04294 0.81612
44 1.0875 2.1934 1.14048
45 1.1125 2.21366 1.48306
46 1.1375 2.15415 1.83158
47 1.1625 2.0503 2.17804
48 1.1875 1.99279 2.52942
49 1.2125 1.80462 2.86116
50 1.2375 1.65829 3.1787
51 1.2625 1.54771 3.48716
52 1.2875 1.43801 3.78522
53 1.3125 1.36277 4.07876
54 1.3375 1.27377 4.36368
55 1.3625 1.21238 4.6451
56 1.3875 1.15321 4.9227
57 1.4125 1.10097 5.19736
58 1.4375 1.05124 5.46898
59 1.4625 1.03131 5.7448
60 1.4875 0.99311 6.01956
61 1.5125 0.988519 6.30232
62 1.5375 0.951289 6.5835
63 1.5625 0.938781 6.87008
64 1.5875 0.912239 7.15754
65 1.6125 0.898814 7.44976
66 1.6375 0.911785 7.75546
67 1.6625 0.896838 8.0654
68 1.6875 0.886134 8.38092
69 1.7125 0.90572 8.71304
70 1.7375 0.89362 9.05036
71 1.7625 0.919631 9.40756
72 1.7875 0.906002 9.76952
73 1.8125 0.936542 10.1542
74 1.8375 0.936955 10.5498
75 1.8625 0.96426 10.968
76 1.8875 0.976825 11.4032
77 1.9125 0.995185 11.8583
78 1.9375 1.00785 12.3314
79 1.9625 1.00833 12.8169
80 1.9875 1.02374 13.3226
81 2.0125 1.06311 13.861
82 2.0375 1.06142 14.4119
83 2.0625 1.078 14.9853
84 2.0875 1.09847 15.5838
85 2.1125 1.10675 16.2014
86 2.1375 1.11693 16.8395
87 2.1625 1.11253 17.49
88 2.1875 1.10633 18.1519
89 2.2125 1.0966 18.8231
90 2.2375 1.10204 19.513
91 2.2625 1.08917 20.2101
92 2.2875 1.08539 20.9202
93 2.3125 1.06827 21.6345
94 2.3375 1.0533 22.3541
95 2.3625 1.05534 23.0906
96 2.3875 1.04365 23.8345
97 2.4125 1.0461 24.5958
98 2.4375 1.03095 25.3616
99 2.4625 1.0256 26.1393
100 2.4875 1.02226 26.9302
600000 100
1 0.0125 0 0
2 0.0375 0 0
3 0.0625 0 0
4 0.0875 0 0
5 0.1125 0 0
6 0.1375 0 0
7 0.1625 0 0
8 0.1875 0 0
9 0.2125 0 0
10 0.2375 0 0
11 0.2625 0 0
12 0.2875 0 0
13 0.3125 0 0
14 0.3375 0 0
15 0.3625 0 0
16 0.3875 0 0
17 0.4125 0 0
18 0.4375 0 0
19 0.4625 0 0
20 0.4875 0 0
21 0.5125 0 0
22 0.5375 0 0
23 0.5625 0 0
24 0.5875 0 0
25 0.6125 0 0
26 0.6375 0 0
27 0.6625 0 0
28 0.6875 0 0
29 0.7125 0 0
30 0.7375 0 0
31 0.7625 0 0
32 0.7875 0 0
33 0.8125 0 0
34 0.8375 0 0
35 0.8625 0 0
36 0.8875 0.000406127 4e-05
37 0.9125 0.010757 0.00116
38 0.9375 0.0757047 0.00948
39 0.9625 0.310946 0.0455
40 0.9875 0.733668 0.13496
41 1.0125 1.24396 0.29442
42 1.0375 1.70927 0.52448
43 1.0625 2.04223 0.81276
44 1.0875 2.20503 1.13884
45 1.1125 2.24377 1.48608
46 1.1375 2.17936 1.83868
47 1.1625 2.0767 2.1896
48 1.1875 1.92678 2.52934
49 1.2125 1.78406 2.8573
50 1.2375 1.68064 3.17912
51 1.2625 1.56256 3.49054
52 1.2875 1.45818 3.79278
53 1.3125 1.37754 4.0895
54 1.3375 1.28986 4.37802
55 1.3625 1.2216 4.66158
56 1.3875 1.14839 4.93802
57 1.4125 1.09111 5.21022
58 1.4375 1.06223 5.48468
59 1.4625 1.03633 5.76184
60 1.4875 0.979664 6.03288
61 1.5125 0.956566 6.3065
62 1.5375 0.947838 6.58666
63 1.5625 0.92535 6.86914
64 1.5875 0.913826 7.1571
65 1.6125 0.899613 7.44958
66 1.6375 0.900868 7.75162
67 1.6625 0.891919 8.05986
68 1.6875 0.883325 8.37438
69 1.7125 0.896993 8.7033
70 1.7375 0.902362 9.04392
71 1.7625 0.910826 9.3977
72 1.7875 0.907254 9.76016
73 1.8125 0.926463 10.1407
74 1.8375 0.940271 10.5377
75 1.8625 0.965044 10.9563
76 1.8875 0.975747 11.3909
77 1.9125 0.978217 11.8383
78 1.9375 1.00653 12.3107
79 1.9625 1.02648 12.8051
80 1.9875 1.05119 13.3243
81 2.0125 1.0613 13.8617
82 2.0375 1.06843 14.4163
83 2.0625 1.08273 14.9922
84 2.0875 1.09263 15.5876
85 2.1125 1.08929 16.1954
86 2.1375 1.10566 16.827
87 2.1625 1.11944 17.4816
88 2.1875 1.11569 18.1491
89 2.2125 1.10634 18.8263
90 2.2375 1.09425 19.5113
91 2.2625 1.09245 20.2105
92 2.2875 1.08429 20.9199
93 2.3125 1.07282 21.6372
94 2.3375 1.07242 22.3699
95 2.3625 1.0572 23.1077
96 2.3875 1.05595 23.8603
97 2.4125 1.03783 24.6156
98 2.4375 1.02933 25.3802
99 2.4625 1.02373 26.1564
100 2.4875 1.01489 26.9416
650000 100
1 0.0125 0 0
2 0.0375 0 0
3 0.0625 0 0
4 0.0875 0 0
5 0.1125 0 0
6 0.1375 0 0
7 0.1625 0 0
8 0.1875 0 0
9 0.2125 0 0
10 0.2375 0 0
11 0.2625 0 0
12 0.2875 0 0
13 0.3125 0 0
14 0.3375 0 0
15 0.3625 0 0
16 0.3875 0 0
17 0.4125 0 0
18 0.4375 0 0
19 0.4625 0 0
20 0.4875 0 0
21 0.5125 0 0
22 0.5375 0 0
23 0.5625 0 0
24 0.5875 0 0
25 0.6125 0 0
26 0.6375 0 0
27 0.6625 0 0
28 0.6875 0 0
29 0.7125 0 0
30 0.7375 0 0
31 0.7625 0 0
32 0.7875 0 0
33 0.8125 0 0
34 0.8375 0 0
35 0.8625 0 0
36 0.8875 0.000609191 6e-05
37 0.9125 0.0130621 0.00142
38 0.9375 0.0840759 0.01066
39 0.9625 0.304213 0.0459
40 0.9875 0.747445 0.13704
41 1.0125 1.27049 0.2999
42 1.0375 1.71507 0.53074
43 1.0625 2.01021 0.8145
44 1.0875 2.20165 1.14008
45 1.1125 2.22452 1.48434
46 1.1375 2.18072 1.83716
47 1.1625 2.07705 2.18814
48 1.1875 1.92882 2.52824
49 1.2125 1.80267 2.85962
50 1.2375 1.68566 3.1824
51 1.2625 1.5447 3.49026
52 1.2875 1.46851 3.79464
53 1.3125 1.37215 4.0902
54 1.3375 1.28834 4.37838
55 1.3625 1.21169 4.65964
56 1.3875 1.14067 4.93422
57 1.4125 1.09632 5.20772
58 1.4375 1.06154 5.482
59 1.4625 1.02032 5.75488
60 1.4875 0.986893 6.02792
61 1.5125 0.976703 6.3073
62 1.5375 0.944117 6.58636
63 1.5625 0.925154 6.86878
64 1.5875 0.911795 7.1561
65 1.6125 0.903796 7.44994
66 1.6375 0.891562 7.74886
67 1.6625 0.897127 8.0589
68 1.6875 0.897143 8.37834
69 1.7125 0.894484 8.70634
70 1.7375 0.913065 9.051
71 1.7625 0.913607 9.40586
72 1.7875 0.915914 9.77178
73 1.8125 0.935324 10.156
74 1.8375 0.948135 10.5563
75 1.8625 0.952502 10.9694
76 1.8875 0.957788 11.3961
77 1.9125 0.984383 11.8463
78 1.9375 1.00065 12.3159
79 1.9625 1.02229 12.8082
80 1.9875 1.03212 13.318
81 2.0125 1.053 13.8513
82 2.0375 1.07167 14.4076
83 2.0625 1.08082 14.9824
84 2.0875 1.09073 15.5767
85 2.1125 1.09427 16.1873
86 2.1375 1.11266 16.823
87 2.1625 1.11171 17.473
88 2.1875 1.11248 18.1386
89 2.2125 1.10604 18.8156
90 2.2375 1.09913 19.5037
91 2.2625 1.0937 20.2037
92 2.2875 1.07921 20.9098
93 2.3125 1.07575 21.6291
94 2.3375 1.06091 22.3539
95 2.3625 1.04895 23.0859
96 2.3875 1.05213 23.8358
97 2.4125 1.04588 24.5969
98 2.4375 1.02594 25.3591
99 2.4625 1.02663 26.1375
100 2.4875 1.00967 26.9186
700000 100
1 0.0125 0 0
2 0.0375 0 0
3 0.0625 0 0
4 0.0875 0 0
5 0.1125 0 0
6 0.1375 0 0
7 0.1625 0 0
8 0.1875 0 0
9 0.2125 0 0
10 0.2375 0 0
11 0.2625 0 0
12 0.2875 0 0
13 0.3125 0 0
14 0.3375 0 0
15 0.3625 0 0
16 0.3875 0 0
17 0.4125 0 0
18 0.4375 0 0
19 0.4625 0 0
20 0.4875 0 0
21 0.5125 0 0
22 0.5375 0 0
23 0.5625 0 0
24 0.5875 0 0
25 0.6125 0 0
26 0.6375 0 0
27 0.6625 0 0
28 0.6875 0 0
29 0.7125 0 0
30 0.7375 0 0
31 0.7625 0 0
32 0.7875 0 0
33 0.8125 0 0
34 0.8375 0 0
35 0.8625 0 0
36 0.8875 0.000812255 8e-05
37 0.9125 0.0101808 0.00114
38 0.9375 0.0844399 0.01042
39 0.9625 0.306975 0.04598
40 0.9875 0.747609 0.13714
41 1.0125 1.24334 0.29652
42 1.0375 1.71046 0.52674
43 1.0625 2.03741 0.81434
44 1.0875 2.20178 1.13994
45 1.1125 2.23822 1.48632
46 1.1375 2.19407 1.8413
47 1.1625 2.08191 2.1931
48 1.1875 1.94027 2.53522
49 1.2125 1.81877 2.86956
50 1.2375 1.69119 3.1934
51 1.2625 1.5719 3.50668
52 1.2875 1.44728 3.80666
53 1.3125 1.37076 4.10192
54 1.3375 1.29809 4.39228
55 1.3625 1.22866 4.67748
56 1.3875 1.17224 4.95966
57 1.4125 1.10802 5.23608
58 1.4375 1.05248 5.50802
59 1.4625 1.03917 5.78594
60 1.4875 0.982049 6.05764
61 1.5125 0.968313 6.33462
62 1.5375 0.949056 6.61514
63 1.5625 0.93865 6.90168
64 1.5875 0.917063 7.19066
65 1.6125 0.910317 7.48662
66 1.6375 0.898721 7.78794
67 1.6625 0.889025 8.09518
68 1.6875 0.899614 8.4155
69 1.7125 0.901629 8.74612
70 1.7375 0.905806 9.08804
71 1.7625 0.908612 9.44096
72 1.7875 0.918117 9.80776
73 1.8125 0.922714 10.1868
74 1.8375 0.928428 10.5787
75 1.8625 0.949643 10.9906
76 1.8875 0.968608 11.4221
77 1.9125 0.977649 11.8692
78 1.9375 1.00644 12.3416
79 1.9625 1.01967 12.8327
80 1.9875 1.0501 13.3513
81 2.0125 1.04866 13.8824
82 2.0375 1.062 14.4337
83 2.0625 1.08025 15.0082
84 2.0875 1.10787 15.6119
85 2.1125 1.10316 16.2274
86 2.1375 1.11423 16.864
87 2.1625 1.11356 17.5151
88 2.1875 1.10814 18.1781
89 2.2125 1.10948 18.8572
90 2.2375 1.10118 19.5465
91 2.2625 1.0961 20.2481
92 2.2875 1.07524 20.9516
93 2.3125 1.08652 21.6781
94 2.3375 1.07713 22.414
95 2.3625 1.06345 23.1561
96 2.3875 1.04862 23.9035
97 2.4125 1.05261 24.6695
98 2.4375 1.02774 25.433
99 2.4625 1.02879 26.2131
100 2.4875 1.01401 26.9976
750000 100
1 0.0125 0 0
2 0.0375 0 0
3 0.0625 0 0
4 0.0875 0 0
5 0.1125 0 0
6 0.1375 0 0
7 0.1625 0 0
8 0.1875 0 0
9 0.2125 0 0
10 0.2375 0 0
11 0.2625 0 0
12 0.2875 0 0
13 0.3125 0 0
14 0.3375 0 0
15 0.3625 0 0
16 0.3875 0 0
17 0.4125 0 0
18 0.4375 0 0
19 0.4625 0 0
20 0.4875 0 0
21 0.5125 0 0
22 0.5375 0 0
23 0.5625 0 0
24 0.5875 0 0
25 0.6125 0 0
26 0.6375 0 0
27 0.6625 0 0
28 0.6875 0 0
29 0.7125 0 0
30 0.7375 0 0
31 0.7625 0 0
32 0.7875 0 0
33 0.8125 0 0
34 0.8375 0 0
35 0.8625 0 0
36 0.8875 0.00121838 0.00012
37 0.9125 0.0124859 0.00142
38 0.9375 0.0778885 0.00998
39 0.9625 0.311637 0.04608
40 0.9875 0.723826 0.13434
41 1.0125 1.22789 0.29174
42 1.0375 1.71314 0.52232
43 1.0625 2.07822 0.81568
44 1.0875 2.18961 1.13948
45 1.1125 2.23744 1.48574
46 1.1375 2.16626 1.83622
47 1.1625 2.06439 2.18506
48 1.1875 1.94232 2.52754
49 1.2125 1.81322 2.86086
50 1.2375 1.68973 3.18442
51 1.2625 1.56969 3.49726
52 1.2875 1.46272 3.80044
53 1.3125 1.38729 4.09926
54 1.3375 1.2836 4.38638
55 1.3625 1.18636 4.66176
56 1.3875 1.16792 4.9429
57 1.4125 1.10746 5.21918
58 1.4375 1.05689 5.49226
59 1.4625 1.01643 5.7641
60 1.4875 0.986098 6.03692
61 1.5125 0.957475 6.3108
62 1.5375 0.954604 6.59296
63 1.5625 0.922468 6.87456
64 1.5875 0.911541 7.1618
65 1.6125 0.903673 7.4556
66 1.6375 0.898601 7.75688
67 1.6625 0.892266 8.06524
68 1.6875 0.889279 8.38188
69 1.7125 0.907793 8.71476
70 1.7375 0.899713 9.05438
71 1.7625 0.913761 9.4093
72 1.7875 0.912861 9.774
73 1.8125 0.924223 10.1536
74 1.8375 0.934729 10.5483
75 1.8625 0.956422 10.9631
76 1.8875 0.973682 11.3968
77 1.9125 0.987969 11.8487
78 1.9375 0.995916 12.3161
79 1.9625 1.02731 12.8109
80 1.9875 1.03083 13.32
81 2.0125 1.04961 13.8515
82 2.0375 1.06716 14.4055
83 2.0625 1.09198 14.9863
84 2.0875 1.10974 15.591
85 2.1125 1.10395 16.207
86 2.1375 1.11374 16.8432
87 2.1625 1.11612 17.4958
88 2.1875 1.11576 18.1634
89 2.2125 1.10827 18.8418
90 2.2375 1.11894 19.5422
91 2.2625 1.09192 20.2411
92 2.2875 1.06515 20.938
93 2.3125 1.07455 21.6565
94 2.3375 1.07341 22.3898
95 2.3625 1.06795 23.1351
96 2.3875 1.05199 23.8849
97 2.4125 1.03563 24.6386
98 2.4375 1.03689 25.4089
99 2.4625 1.02159 26.1834
100 2.4875 1.02094 26.9733
800000 100
1 0.0125 0 0
2 0.0375 0 0
3 0.0625 0 0
4 0.0875 0 0
5 0.1125 0 0
6 0.1375 0 0
7 0.1625 0 0
8 0.1875 0 0
9 0.2125 0 0
10 0.2375 0 0
11 0.2625 0 0
12 0.2875 0 0
13 0.3125 0 0
14 0.3375 0 0
15 0.3625 0 0
16 0.3875 0 0
17 0.4125 0 0
18 0.4375 0 0
19 0.4625 0 0
20 0.4875 0 0
21 0.5125 0 0
22 0.5375 0 0
23 0.5625 0 0
24 0.5875 0 0
25 0.6125 0 0
26 0.6375 0 0
27 0.6625 0 0
28 0.6875 0 0
29 0.7125 0 0
30 0.7375 0 0
31 0.7625 0 0
32 0.7875 0 0
33 0.8125 0 0
34 0.8375 0 0
35 0.8625 0 0
36 0.8875 0.000203064 2e-05
37 0.9125 0.0121017 0.00128
38 0.9375 0.0824381 0.01034
39 0.9625 0.302487 0.04538
40 0.9875 0.726287 0.13394
41 1.0125 1.25442 0.29474
42 1.0375 1.70363 0.52404
43 1.0625 2.04875 0.81324
44 1.0875 2.19394 1.13768
45 1.1125 2.22581 1.48214
46 1.1375 2.15748 1.8312
47 1.1625 2.02142 2.17278
48 1.1875 1.92326 2.5119
49 1.2125 1.80647 2.84398
50 1.2375 1.66842 3.16346
51 1.2625 1.56507 3.47538
52 1.2875 1.42016 3.76974
53 1.3125 1.36992 4.06482
54 1.3375 1.2701 4.34892
55 1.3625 1.2104 4.62988
56 1.3875 1.15978 4.90906
57 1.4125 1.08886 5.1807
58 1.4375 1.05496 5.45328
59 1.4625 1.02503 5.72742
60 1.4875 0.989495 6.00118
61 1.5125 0.957545 6.27508
62 1.5375 0.941816 6.55346
63 1.5625 0.930199 6.83742
64 1.5875 0.922966 7.12826
65 1.6125 0.906749 7.42306
66 1.6375 0.8989 7.72444
67 1.6625 0.894002 8.0334
68 1.6875 0.887482 8.3494
69 1.7125 0.90332 8.68064
70 1.7375 0.909197 9.02384
71 1.7625 0.897748 9.37254
72 1.7875 0.914663 9.73796
73 1.8125 0.916092 10.1143
74 1.8375 0.934444 10.5088
75 1.8625 0.962831 10.9264
76 1.8875 0.97431 11.3604
77 1.9125 0.980141 11.8087
78 1.9375 0.994255 12.2753
79 1.9625 1.01037 12.7619
80 1.9875 1.02532 13.2683
81 2.0125 1.05379 13.802
82 2.0375 1.063 14.3538
83 2.0625 1.08476 14.9307
84 2.0875 1.08107 15.5198
85 2.1125 1.09388 16.1302
86 2.1375 1.10639 16.7622
87 2.1625 1.10083 17.4059
88 2.1875 1.09908 18.0635
89 2.2125 1.08938 18.7303
90 2.2375 1.08945 19.4123
91 2.2625 1.09557 20.1135
92 2.2875 1.07915 20.8195
93 2.3125 1.07027 21.5352
94 2.3375 1.06439 22.2624
95 2.3625 1.05637 22.9996
96 2.3875 1.04929 23.7474
97 2.4125 1.03442 24.5002
98 2.4375 1.02683 25.263
99 2.4625 1.01067 26.0293
100 2.4875 1.00553 26.8073
850000 100
1 0.0125 0 0
2 0.0375 0 0
3 0.0625 0 0
4 0.0875 0 0
5 0.1125 0 0
6 0.1375 0 0
7 0.1625 0 0
8 0.1875 0 0
9 0.2125 0 0
10 0.2375 0 0
11 0.2625 0 0
12 0.2875 0 0
13 0.3125 0 0
14 0.3375 0 0
15 0.3625 0 0
16 0.3875 0 0
17 0.4125 0 0
18 0.4375 0 0
19 0.4625 0 0
20 0.4875 0 0
21 0.5125 0 0
22 0.5375 0 0
23 0.5625 0 0
24 0.5875 0 0
25 0.6125 0 0
26 0.6375 0 0
27 0.6625 0 0
28 0.6875 0 0
29 0.7125 0 0
30 0.7375 0 0
31 0.7625 0 0
32 0.7875 0 0
33 0.8125 0 0
34 0.8375 0 0
35 0.8625 0 0
36 0.8875 0.000812255 8e-05
37 0.9125 0.0122938 0.00136
38 0.9375 0.0851678 0.01072
39 0.9625 0.30922 0.04654
40 0.9875 0.720546 0.1344
41 1.0125 1.23944 0.29328
42 1.0375 1.7014 0.52228
43 1.0625 2.02027 0.80746
44 1.0875 2.1938 1.13188
45 1.1125 2.21069 1.474
46 1.1375 2.16416 1.82414
47 1.1625 2.06853 2.17368
48 1.1875 1.94697 2.51698
49 1.2125 1.79712 2.84734
50 1.2375 1.68043 3.16912
51 1.2625 1.56838 3.4817
52 1.2875 1.45432 3.78314
53 1.3125 1.36314 4.07676
54 1.3375 1.28271 4.36368
55 1.3625 1.21195 4.645
56 1.3875 1.13909 4.9192
57 1.4125 1.10907 5.19588
58 1.4375 1.05225 5.46776
59 1.4625 1.01554 5.73936
60 1.4875 0.988845 6.01294
61 1.5125 0.962789 6.28834
62 1.5375 0.943846 6.56732
63 1.5625 0.926726 6.85022
64 1.5875 0.907797 7.13628
65 1.6125 0.907856 7.43144
66 1.6375 0.892338 7.73062
67 1.6625 0.898921 8.04128
68 1.6875 0.898659 8.36126
69 1.7125 0.888649 8.68712
70 1.7375 0.894097 9.02462
71 1.7625 0.912268 9.37896
72 1.7875 0.925075 9.74854
73 1.8125 0.922957 10.1277
74 1.8375 0.942735 10.5257
75 1.8625 0.958727 10.9415
76 1.8875 0.969372 11.3733
77 1.9125 0.979092 11.8211
78 1.9375 1.00022 12.2906
79 1.9625 1.01398 12.7789
80 1.9875 1.03645 13.2908
81 2.0125 1.05652 13.8258
82 2.0375 1.0702 14.3814
83 2.0625 1.08525 14.9586
84 2.0875 1.09432 15.5549
85 2.1125 1.10123 16.1693
86 2.1375 1.10573 16.801
87 2.1625 1.10712 17.4484
88 2.1875 1.10754 18.111
89 2.2125 1.10274 18.786
90 2.2375 1.09846 19.4736
91 2.2625 1.08417 20.1675
92 2.2875 1.07665 20.872
93 2.3125 1.07404 21.5901
94 2.3375 1.06469 22.3175
95 2.3625 1.05603 23.0545
96 2.3875 1.04166 23.7969
97 2.4125 1.04038 24.554
98 2.4375 1.0391 25.326
99 2.4625 1.02402 26.1024
100 2.4875 1.01946 26.8911
900000 100
1 0.0125 0 0
2 0.0375 0 0
3 0.0625 0 0
4 0.0875 0 0
5 0.1125 0 0
6 0.1375 0 0
7 0.1625 0 0
8 0.1875 0 0
9 0.2125 0 0
10 0.2375 0 0
11 0.2625 0 0
12 0.2875 0 0
13 0.3125 0 0
14 0.3375 0 0
15 0.3625 0 0
16 0.3875 0 0
17 0.4125 0 0
18 0.4375 0 0
19 0.4625 0 0
20 0.4875 0 0
21 0.5125 0 0
22 0.5375 0 0
23 0.5625 0 0
24 0.5875 0 0
25 0.6125 0 0
26 0.6375 0 0
27 0.6625 0 0
28 0.6875 0 0
29 0.7125 0 0
30 0.7375 0 0
31 0.7625 0 0
32 0.7875 0 0
33 0.8125 0 0
34 0.8375 0 0
35 0.8625 0 0
36 0.8875 0.00121838 0.00012
37 0.9125 0.0101808 0.00118
38 0.9375 0.0808002 0.01006
39 0.9625 0.294027 0.04412
40 0.9875 0.756631 0.13638
41 1.0125 1.25754 0.29758
42 1.0375 1.72116 0.52924
43 1.0625 2.03529 0.81654
44 1.0875 2.20138 1.14208
45 1.1125 2.23925 1.48862
46 1.1375 2.16824 1.83942
47 1.1625 2.0664 2.1886
48 1.1875 1.93891 2.53048
49 1.2125 1.79222 2.85994
50 1.2375 1.65829 3.17748
51 1.2625 1.56587 3.48956
52 1.2875 1.4578 3.79172
53 1.3125 1.37494 4.08788
54 1.3375 1.29103 4.37666
55 1.3625 1.2315 4.66252
56 1.3875 1.16518 4.943
57 1.4125 1.09864 5.21708
58 1.4375 1.08011 5.49616
59 1.4625 1.03004 5.77164
60 1.4875 0.988266 6.04506
61 1.5125 0.976423 6.32436
62 1.5375 0.962115 6.60874
63 1.5625 0.929019 6.89234
64 1.5875 0.918396 7.18174
65 1.6125 0.915115 7.47926
66 1.6375 0.896335 7.77978
67 1.6625 0.90303 8.09186
68 1.6875 0.888324 8.40816
69 1.7125 0.898466 8.73762
70 1.7375 0.906177 9.07968
71 1.7625 0.907891 9.43232
72 1.7875 0.919719 9.79976
73 1.8125 0.928995 10.1814
74 1.8375 0.943777 10.5798
75 1.8625 0.962508 10.9973
76 1.8875 0.981045 11.4343
77 1.9125 0.988582 11.8864
78 1.9375 1.00584 12.3585
79 1.9625 1.02316 12.8513
80 1.9875 1.03552 13.3627
81 2.0125 1.05395 13.8965
82 2.0375 1.07972 14.4569
83 2.0625 1.07882 15.0307
84 2.0875 1.10611 15.6334
85 2.1125 1.09725 16.2457
86 2.1375 1.12176 16.8865
87 2.1625 1.09851 17.5288
88 2.1875 1.10961 18.1927
89 2.2125 1.10716 18.8704
90 2.2375 1.10466 19.5619
91 2.2625 1.09154 20.2605
92 2.2875 1.10391 20.9828
93 2.3125 1.08517 21.7084
94 2.3375 1.08 22.4462
95 2.3625 1.05397 23.1818
96 2.3875 1.06004 23.9373
97 2.4125 1.06303 24.7109
98 2.4375 1.02963 25.4758
99 2.4625 1.02608 26.2538
100 2.4875 1.01665 27.0403
950000 100
1 0.0125 0 0
2 0.0375 0 0
3 0.0625 0 0
4 0.0875 0 0
5 0.1125 0 0
6 0.1375 0 0
7 0.1625 0 0
8 0.1875 0 0
9 0.2125 0 0
10 0.2375 0 0
11 0.2625 0 0
12 0.2875 0 0
13 0.3125 0 0
14 0.3375 0 0
15 0.3625 0 0
16 0.3875 0 0
17 0.4125 0 0
18 0.4375 0 0
19 0.4625 0 0
20 0.4875 0 0
21 0.5125 0 0
22 0.5375 0 0
23 0.5625 0 0
24 0.5875 0 0
25 0.6125 0 0
26 0.6375 0 0
27 0.6625 0 0
28 0.6875 0 0
29 0.7125 0 0
30 0.7375 0 0
31 0.7625 0 0
32 0.7875 0 0
33 0.8125 0 0
34 0.8375 0 0
35 0.8625 0 0
36 0.8875 0.000203064 2e-05
37 0.9125 0.0134463 0.00142
38 0.9375 0.0860777 0.01088
39 0.9625 0.303522 0.04604
40 0.9875 0.739572 0.13622
41 1.0125 1.25301 0.29684
42 1.0375 1.73454 0.5303
43 1.0625 2.08799 0.82504
44 1.0875 2.20435 1.15102
45 1.1125 2.23899 1.49752
46 1.1375 2.16119 1.84718
47 1.1625 2.06877 2.19676
48 1.1875 1.96772 2.54372
49 1.2125 1.81191 2.8768
50 1.2375 1.67354 3.19726
51 1.2625 1.56286 3.50874
52 1.2875 1.46928 3.81328
53 1.3125 1.37921 4.11036
54 1.3375 1.27922 4.3965
55 1.3625 1.20471 4.67614
56 1.3875 1.14299 4.95128
57 1.4125 1.11732 5.23002
58 1.4375 1.08135 5.50942
59 1.4625 1.03004 5.7849
60 1.4875 0.979664 6.05594
61 1.5125 0.964048 6.3317
62 1.5375 0.953116 6.61342
63 1.5625 0.923778 6.89542
64 1.5875 0.902973 7.17996
65 1.6125 0.914008 7.47712
66 1.6375 0.89711 7.7779
67 1.6625 0.899905 8.0889
68 1.6875 0.891414 8.4063
69 1.7125 0.891157 8.73308
70 1.7375 0.903157 9.074
71 1.7625 0.909076 9.4271
72 1.7875 0.899694 9.78654
73 1.8125 0.926317 10.167
74 1.8375 0.95183 10.5689
75 1.8625 0.952041 10.9818
76 1.8875 0.978755 11.4178
77 1.9125 0.988538 11.8699
78 1.9375 1.02067 12.349
79 1.9625 1.02349 12.8419
80 1.9875 1.04297 13.357
81 2.0125 1.0566 13.8921
82 2.0375 1.06913 14.4471
83 2.0625 1.07585 15.0193
84 2.0875 1.09304 15.6149
85 2.1125 1.0966 16.2268
86 2.1375 1.10338 16.8571
87 2.1625 1.10822 17.5051
88 2.1875 1.117 18.1734
89 2.2125 1.10732 18.8512
90 2.2375 1.10064 19.5402
91 2.2625 1.1041 20.2468
92 2.2875 1.08453 20.9564
93 2.3125 1.08308 21.6806
94 2.3375 1.06911 22.411
95 2.3625 1.05336 23.1461
96 2.3875 1.05233 23.8962
97 2.4125 1.03846 24.6519
98 2.4375 1.03181 25.4184
99 2.4625 1.03589 26.2038
100 2.4875 1.0199 26.9929
1000000 100
1 0.0125 0 0
2 0.0375 0 0
3 0.0625 0 0
4 0.0875 0 0
5 0.1125 0 0
6 0.1375 0 0
7 0.1625 0 0
8 0.1875 0 0
9 0.2125 0 0
10 0.2375 0 0
11 0.2625 0 0
12 0.2875 0 0
13 0.3125 0 0
14 0.3375 0 0
15 0.3625 0 0
16 0.3875 0 0
17 0.4125 0 0
18 0.4375 0 0
19 0.4625 0 0
20 0.4875 0 0
21 0.5125 0 0
22 0.5375 0 0
23 0.5625 0 0
24 0.5875 0 0
25 0.6125 0 0
26 0.6375 0 0
27 0.6625 0 0
28 0.6875 0 0
29 0.7125 0 0
30 0.7375 0 0
31 0.7625 0 0
32 0.7875 0 0
33 0.8125 0 0
34 0.8375 0 0
35 0.8625 0.000215005 2e-05
36 0.8875 0.000203064 4e-05
37 0.9125 0.0130621 0.0014
38 0.9375 0.0860777 0.01086
39 0.9625 0.312673 0.04708
40 0.9875 0.720054 0.13488
41 1.0125 1.24568 0.29456
42 1.0375 1.72384 0.52658
43 1.0625 2.0214 0.81192
44 1.0875 2.18853 1.13556
45 1.1125 2.24998 1.48376
46 1.1375 2.18184 1.83676
47 1.1625 2.05634 2.18424
48 1.1875 1.90783 2.52064
49 1.2125 1.80745 2.8529
50 1.2375 1.69579 3.17762
51 1.2625 1.55724 3.48798
52 1.2875 1.42817 3.784
53 1.3125 1.35859 4.07664
54 1.3375 1.27028 4.36078
55 1.3625 1.22177 4.64438
56 1.3875 1.14258 4.91942
57 1.4125 1.10305 5.1946
58 1.4375 1.07617 5.47266
59 1.4625 1.01023 5.74284
60 1.4875 0.990796 6.01696
61 1.5125 0.970131 6.29446
62 1.5375 0.940327 6.5724
63 1.5625 0.930592 6.85648
64 1.5875 0.905258 7.14174
65 1.6125 0.91124 7.438
66 1.6375 0.89031 7.7365
67 1.6625 0.905808 8.04954
68 1.6875 0.89602 8.36858
69 1.7125 0.895793 8.69706
70 1.7375 0.899395 9.03656
71 1.7625 0.927355 9.39676
72 1.7875 0.918317 9.76364
73 1.8125 0.923736 10.1431
74 1.8375 0.948277 10.5434
75 1.8625 0.942865 10.9524
76 1.8875 0.974131 11.3863
77 1.9125 0.984558 11.8366
78 1.9375 0.999623 12.3058
79 1.9625 1.02191 12.7979
80 1.9875 1.02678 13.3051
81 2.0125 1.05462 13.8391
82 2.0375 1.07236 14.3958
83 2.0625 1.08518 14.973
84 2.0875 1.09796 15.5712
85 2.1125 1.09689 16.1833
86 2.1375 1.10594 16.8151
87 2.1625 1.09204 17.4536
88 2.1875 1.0941 18.1082
89 2.2125 1.11683 18.7918
90 2.2375 1.08987 19.4741
91 2.2625 1.08501 20.1685
92 2.2875 1.08117 20.8759
93 2.3125 1.07458 21.5944
94 2.3375 1.06805 22.3241
95 2.3625 1.05411 23.0597
96 2.3875 1.05103 23.8088
97 2.4125 1.04327 24.5681
98 2.4375 1.0328 25.3353
99 2.4625 1.02402 26.1117
100 2.4875 1.01993 26.9008
