# Time-averaged data for fix calcRDF
# TimeStep Number-of-rows
# Row c_myRDF[1] c_myRDF[2] c_myRDF[3]
50000 100
1 0.00561 0 0
2 0.01683 0 0
3 0.02805 0 0
4 0.03927 0 0
5 0.05049 0 0
6 0.06171 0 0
7 0.07293 0 0
8 0.08415 0 0
9 0.09537 0 0
10 0.10659 0 0
11 0.11781 0 0
12 0.12903 0 0
13 0.14025 0 0
14 0.15147 0 0
15 0.16269 0 0
16 0.17391 0 0
17 0.18513 0 0
18 0.19635 0 0
19 0.20757 0 0
20 0.21879 0 0
21 0.23001 0 0
22 0.24123 0 0
23 0.25245 0 0
24 0.26367 0 0
25 0.27489 0 0
26 0.28611 0 0
27 0.29733 0 0
28 0.30855 0 0
29 0.31977 0 0
30 0.33099 0 0
31 0.34221 0 0
32 0.35343 0 0
33 0.36465 0 0
34 0.37587 0 0
35 0.38709 0 0
36 0.39831 0 0
37 0.40953 0 0
38 0.42075 0 0
39 0.43197 0 0
40 0.44319 0 0
41 0.45441 0 0
42 0.46563 0 0
43 0.47685 0 0
44 0.48807 0 0
45 0.49929 0 0
46 0.51051 0 0
47 0.52173 0 0
48 0.53295 0 0
49 0.54417 0 0
50 0.55539 0 0
51 0.56661 0 0
52 0.57783 0 0
53 0.58905 0 0
54 0.60027 0 0
55 0.61149 0 0
56 0.62271 0 0
57 0.63393 0 0
58 0.64515 0 0
59 0.65637 0 0
60 0.66759 0 0
61 0.67881 0 0
62 0.69003 0 0
63 0.70125 0 0
64 0.71247 0 0
65 0.72369 0 0
66 0.73491 0 0
67 0.74613 0 0
68 0.75735 0 0
69 0.76857 0 0
70 0.77979 0 0
71 0.79101 0 0
72 0.80223 0 0
73 0.81345 0 0
74 0.82467 0 0
75 0.83589 0 0
76 0.84711 0 0
77 0.85833 0 0
78 0.86955 0 0
79 0.88077 0 0
80 0.89199 0.000895879 4e-05
81 0.90321 0.00174752 0.00012
82 0.91443 0.00937694 0.00056
83 0.92565 0.0224616 0.00164
84 0.93687 0.0535988 0.00428
85 0.94809 0.105468 0.0096
86 0.95931 0.200222 0.01994
87 0.97053 0.303078 0.03596
88 0.98175 0.467766 0.06126
89 0.99297 0.605818 0.09478
90 1.00419 0.825976 0.14152
91 1.01541 0.975126 0.19794
92 1.02663 1.14262 0.26552
93 1.03785 1.27455 0.34256
94 1.04907 1.38863 0.42832
95 1.06029 1.43358 0.51876
96 1.07151 1.50026 0.61542
97 1.08273 1.58728 0.71984
98 1.09395 1.59778 0.82714
99 1.10517 1.62123 0.93826
100 1.11639 1.56936 1.04802
100000 100
1 0.00561 0 0
2 0.01683 0 0
3 0.02805 0 0
4 0.03927 0 0
5 0.05049 0 0
6 0.06171 0 0
7 0.07293 0 0
8 0.08415 0 0
9 0.09537 0 0
10 0.10659 0 0
11 0.11781 0 0
12 0.12903 0 0
13 0.14025 0 0
14 0.15147 0 0
15 0.16269 0 0
16 0.17391 0 0
17 0.18513 0 0
18 0.19635 0 0
19 0.20757 0 0
20 0.21879 0 0
21 0.23001 0 0
22 0.24123 0 0
23 0.25245 0 0
24 0.26367 0 0
25 0.27489 0 0
26 0.28611 0 0
27 0.29733 0 0
28 0.30855 0 0
29 0.31977 0 0
30 0.33099 0 0
31 0.34221 0 0
32 0.35343 0 0
33 0.36465 0 0
34 0.37587 0 0
35 0.38709 0 0
36 0.39831 0 0
37 0.40953 0 0
38 0.42075 0 0
39 0.43197 0 0
40 0.44319 0 0
41 0.45441 0 0
42 0.46563 0 0
43 0.47685 0 0
44 0.48807 0 0
45 0.49929 0 0
46 0.51051 0 0
47 0.52173 0 0
48 0.53295 0 0
49 0.54417 0 0
50 0.55539 0 0
51 0.56661 0 0
52 0.57783 0 0
53 0.58905 0 0
54 0.60027 0 0
55 0.61149 0 0
56 0.62271 0 0
57 0.63393 0 0
58 0.64515 0 0
59 0.65637 0 0
60 0.66759 0 0
61 0.67881 0 0
62 0.69003 0 0
63 0.70125 0 0
64 0.71247 0 0
65 0.72369 0 0
66 0.73491 0 0
67 0.74613 0 0
68 0.75735 0 0
69 0.76857 0 0
70 0.77979 0 0
71 0.79101 0 0
72 0.80223 0 0
73 0.81345 0 0
74 0.82467 0 0
75 0.83589 0 0
76 0.84711 0 0
77 0.85833 0 0
78 0.86955 0 0
79 0.88077 0 0
80 0.89199 0 0
81 0.90321 0.00305816 0.00014
82 0.91443 0.00681959 0.00046
83 0.92565 0.0162222 0.00124
84 0.93687 0.0544109 0.00392
85 0.94809 0.116967 0.00982
86 0.95931 0.21339 0.02084
87 0.97053 0.3307 0.03832
88 0.98175 0.458152 0.0631
89 0.99297 0.645941 0.09884
90 1.00419 0.786038 0.14332
91 1.01541 0.996903 0.201
92 1.02663 1.16189 0.26972
93 1.03785 1.26396 0.34612
94 1.04907 1.36467 0.4304
95 1.06029 1.48367 0.524
96 1.07151 1.50926 0.62124
97 1.08273 1.57938 0.72514
98 1.09395 1.58854 0.83182
99 1.10517 1.60227 0.94164
100 1.11639 1.62884 1.05556
150000 100
1 0.00561 0 0
2 0.01683 0 0
3 0.02805 0 0
4 0.03927 0 0
5 0.05049 0 0
6 0.06171 0 0
7 0.07293 0 0
8 0.08415 0 0
9 0.09537 0 0
10 0.10659 0 0
11 0.11781 0 0
12 0.12903 0 0
13 0.14025 0 0
14 0.15147 0 0
15 0.16269 0 0
16 0.17391 0 0
17 0.18513 0 0
18 0.19635 0 0
19 0.20757 0 0
20 0.21879 0 0
21 0.23001 0 0
22 0.24123 0 0
23 0.25245 0 0
24 0.26367 0 0
25 0.27489 0 0
26 0.28611 0 0
27 0.29733 0 0
28 0.30855 0 0
29 0.31977 0 0
30 0.33099 0 0
31 0.34221 0 0
32 0.35343 0 0
33 0.36465 0 0
34 0.37587 0 0
35 0.38709 0 0
36 0.39831 0 0
37 0.40953 0 0
38 0.42075 0 0
39 0.43197 0 0
40 0.44319 0 0
41 0.45441 0 0
42 0.46563 0 0
43 0.47685 0 0
44 0.48807 0 0
45 0.49929 0 0
46 0.51051 0 0
47 0.52173 0 0
48 0.53295 0 0
49 0.54417 0 0
50 0.55539 0 0
51 0.56661 0 0
52 0.57783 0 0
53 0.58905 0 0
54 0.60027 0 0
55 0.61149 0 0
56 0.62271 0 0
57 0.63393 0 0
58 0.64515 0 0
59 0.65637 0 0
60 0.66759 0 0
61 0.67881 0 0
62 0.69003 0 0
63 0.70125 0 0
64 0.71247 0 0
65 0.72369 0 0
66 0.73491 0 0
67 0.74613 0 0
68 0.75735 0 0
69 0.76857 0 0
70 0.77979 0 0
71 0.79101 0 0
72 0.80223 0 0
73 0.81345 0 0
74 0.82467 0 0
75 0.83589 0 0
76 0.84711 0 0
77 0.85833 0 0
78 0.86955 0 0
79 0.88077 0 0
80 0.89199 0.000447939 2e-05
81 0.90321 0.0021844 0.00012
82 0.91443 0.0106556 0.00062
83 0.92565 0.0257892 0.00186
84 0.93687 0.0556291 0.0046
85 0.94809 0.11776 0.01054
86 0.95931 0.194026 0.02056
87 0.97053 0.317078 0.03732
88 0.98175 0.457782 0.06208
89 0.99297 0.640519 0.09752
90 1.00419 0.815019 0.14364
91 1.01541 0.976854 0.20016
92 1.02663 1.15276 0.26834
93 1.03785 1.26893 0.34504
94 1.04907 1.36726 0.42948
95 1.06029 1.50111 0.52418
96 1.07151 1.55148 0.62414
97 1.08273 1.60917 0.73
98 1.09395 1.5951 0.83712
99 1.10517 1.58213 0.94556
100 1.11639 1.62856 1.05946
200000 100
1 0.00561 0 0
2 0.01683 0 0
3 0.02805 0 0
4 0.03927 0 0
5 0.05049 0 0
6 0.06171 0 0
7 0.07293 0 0
8 0.08415 0 0
9 0.09537 0 0
10 0.10659 0 0
11 0.11781 0 0
12 0.12903 0 0
13 0.14025 0 0
14 0.15147 0 0
15 0.16269 0 0
16 0.17391 0 0
17 0.18513 0 0
18 0.19635 0 0
19 0.20757 0 0
20 0.21879 0 0
21 0.23001 0 0
22 0.24123 0 0
23 0.25245 0 0
24 0.26367 0 0
25 0.27489 0 0
26 0.28611 0 0
27 0.29733 0 0
28 0.30855 0 0
29 0.31977 0 0
30 0.33099 0 0
31 0.34221 0 0
32 0.35343 0 0
33 0.36465 0 0
34 0.37587 0 0
35 0.38709 0 0
36 0.39831 0 0
37 0.40953 0 0
38 0.42075 0 0
39 0.43197 0 0
40 0.44319 0 0
41 0.45441 0 0
42 0.46563 0 0
43 0.47685 0 0
44 0.48807 0 0
45 0.49929 0 0
46 0.51051 0 0
47 0.52173 0 0
48 0.53295 0 0
49 0.54417 0 0
50 0.55539 0 0
51 0.56661 0 0
52 0.57783 0 0
53 0.58905 0 0
54 0.60027 0 0
55 0.61149 0 0
56 0.62271 0 0
57 0.63393 0 0
58 0.64515 0 0
59 0.65637 0 0
60 0.66759 0 0
61 0.67881 0 0
62 0.69003 0 0
63 0.70125 0 0
64 0.71247 0 0
65 0.72369 0 0
66 0.73491 0 0
67 0.74613 0 0
68 0.75735 0 0
69 0.76857 0 0
70 0.77979 0 0
71 0.79101 0 0
72 0.80223 0 0
73 0.81345 0 0
74 0.82467 0 0
75 0.83589 0 0
76 0.84711 0 0
77 0.85833 0 0
78 0.86955 0 0
79 0.88077 0 0
80 0.89199 0 0
81 0.90321 0.00393192 0.00018
82 0.91443 0.00809827 0.00056
83 0.92565 0.0220456 0.00162
84 0.93687 0.0503504 0.0041
85 0.94809 0.111019 0.0097
86 0.95931 0.199835 0.02002
87 0.97053 0.31897 0.03688
88 0.98175 0.451126 0.06128
89 0.99297 0.614855 0.0953
90 1.00419 0.809365 0.1411
91 1.01541 0.978928 0.19774
92 1.02663 1.12233 0.26412
93 1.03785 1.27257 0.34104
94 1.04907 1.37114 0.42572
95 1.06029 1.47036 0.51848
96 1.07151 1.53626 0.61746
97 1.08273 1.57695 0.7212
98 1.09395 1.6082 0.8292
99 1.10517 1.61831 0.94012
100 1.11639 1.57537 1.0503
250000 100
1 0.00561 0 0
2 0.01683 0 0
3 0.02805 0 0
4 0.03927 0 0
5 0.05049 0 0
6 0.06171 0 0
7 0.07293 0 0
8 0.08415 0 0
9 0.09537 0 0
10 0.10659 0 0
11 0.11781 0 0
12 0.12903 0 0
13 0.14025 0 0
14 0.15147 0 0
15 0.16269 0 0
16 0.17391 0 0
17 0.18513 0 0
18 0.19635 0 0
19 0.20757 0 0
20 0.21879 0 0
21 0.23001 0 0
22 0.24123 0 0
23 0.25245 0 0
24 0.26367 0 0
25 0.27489 0 0
26 0.28611 0 0
27 0.29733 0 0
28 0.30855 0 0
29 0.31977 0 0
30 0.33099 0 0
31 0.34221 0 0
32 0.35343 0 0
33 0.36465 0 0
34 0.37587 0 0
35 0.38709 0 0
36 0.39831 0 0
37 0.40953 0 0
38 0.42075 0 0
39 0.43197 0 0
40 0.44319 0 0
41 0.45441 0 0
42 0.46563 0 0
43 0.47685 0 0
44 0.48807 0 0
45 0.49929 0 0
46 0.51051 0 0
47 0.52173 0 0
48 0.53295 0 0
49 0.54417 0 0
50 0.55539 0 0
51 0.56661 0 0
52 0.57783 0 0
53 0.58905 0 0
54 0.60027 0 0
55 0.61149 0 0
56 0.62271 0 0
57 0.63393 0 0
58 0.64515 0 0
59 0.65637 0 0
60 0.66759 0 0
61 0.67881 0 0
62 0.69003 0 0
63 0.70125 0 0
64 0.71247 0 0
65 0.72369 0 0
66 0.73491 0 0
67 0.74613 0 0
68 0.75735 0 0
69 0.76857 0 0
70 0.77979 0 0
71 0.79101 0 0
72 0.80223 0 0
73 0.81345 0 0
74 0.82467 0 0
75 0.83589 0 0
76 0.84711 0 0
77 0.85833 0 0
78 0.86955 0 0
79 0.88077 0 0
80 0.89199 0.000895879 4e-05
81 0.90321 0.00087376 8e-05
82 0.91443 0.00596715 0.00036
83 0.92565 0.0207977 0.00136
84 0.93687 0.0645622 0.00454
85 0.94809 0.116174 0.0104
86 0.95931 0.183182 0.01986
87 0.97053 0.306862 0.03608
88 0.98175 0.450387 0.06044
89 0.99297 0.604734 0.0939
90 1.00419 0.806537 0.13954
91 1.01541 0.967176 0.1955
92 1.02663 1.11252 0.2613
93 1.03785 1.23055 0.33568
94 1.04907 1.37892 0.42084
95 1.06029 1.44658 0.5121
96 1.07151 1.51174 0.6095
97 1.08273 1.61343 0.71564
98 1.09395 1.61565 0.82414
99 1.10517 1.60489 0.93414
100 1.11639 1.61054 1.04678
300000 100
1 0.00561 0 0
2 0.01683 0 0
3 0.02805 0 0
4 0.03927 0 0
5 0.05049 0 0
6 0.06171 0 0
7 0.07293 0 0
8 0.08415 0 0
9 0.09537 0 0
10 0.10659 0 0
11 0.11781 0 0
12 0.12903 0 0
13 0.14025 0 0
14 0.15147 0 0
15 0.16269 0 0
16 0.17391 0 0
17 0.18513 0 0
18 0.19635 0 0
19 0.20757 0 0
20 0.21879 0 0
21 0.23001 0 0
22 0.24123 0 0
23 0.25245 0 0
24 0.26367 0 0
25 0.27489 0 0
26 0.28611 0 0
27 0.29733 0 0
28 0.30855 0 0
29 0.31977 0 0
30 0.33099 0 0
31 0.34221 0 0
32 0.35343 0 0
33 0.36465 0 0
34 0.37587 0 0
35 0.38709 0 0
36 0.39831 0 0
37 0.40953 0 0
38 0.42075 0 0
39 0.43197 0 0
40 0.44319 0 0
41 0.45441 0 0
42 0.46563 0 0
43 0.47685 0 0
44 0.48807 0 0
45 0.49929 0 0
46 0.51051 0 0
47 0.52173 0 0
48 0.53295 0 0
49 0.54417 0 0
50 0.55539 0 0
51 0.56661 0 0
52 0.57783 0 0
53 0.58905 0 0
54 0.60027 0 0
55 0.61149 0 0
56 0.62271 0 0
57 0.63393 0 0
58 0.64515 0 0
59 0.65637 0 0
60 0.66759 0 0
61 0.67881 0 0
62 0.69003 0 0
63 0.70125 0 0
64 0.71247 0 0
65 0.72369 0 0
66 0.73491 0 0
67 0.74613 0 0
68 0.75735 0 0
69 0.76857 0 0
70 0.77979 0 0
71 0.79101 0 0
72 0.80223 0 0
73 0.81345 0 0
74 0.82467 0 0
75 0.83589 0 0
76 0.84711 0 0
77 0.85833 0 0
78 0.86955 0 0
79 0.88077 0.000459424 2e-05
80 0.89199 0.00134382 8e-05
81 0.90321 0.00174752 0.00016
82 0.91443 0.00639337 0.00046
83 0.92565 0.0241254 0.00162
84 0.93687 0.0511625 0.00414
85 0.94809 0.118949 0.01014
86 0.95931 0.194026 0.02016
87 0.97053 0.318592 0.037
88 0.98175 0.454085 0.06156
89 0.99297 0.64088 0.09702
90 1.00419 0.795581 0.14204
91 1.01541 0.953003 0.19718
92 1.02663 1.14059 0.26464
93 1.03785 1.23286 0.33916
94 1.04907 1.40482 0.42592
95 1.06029 1.4694 0.51862
96 1.07151 1.54744 0.61832
97 1.08273 1.59063 0.72296
98 1.09395 1.6076 0.83092
99 1.10517 1.63845 0.94322
100 1.11639 1.57651 1.05348
350000 100
1 0.00561 0 0
2 0.01683 0 0
3 0.02805 0 0
4 0.03927 0 0
5 0.05049 0 0
6 0.06171 0 0
7 0.07293 0 0
8 0.08415 0 0
9 0.09537 0 0
10 0.10659 0 0
11 0.11781 0 0
12 0.12903 0 0
13 0.14025 0 0
14 0.15147 0 0
15 0.16269 0 0
16 0.17391 0 0
17 0.18513 0 0
18 0.19635 0 0
19 0.20757 0 0
20 0.21879 0 0
21 0.23001 0 0
22 0.24123 0 0
23 0.25245 0 0
24 0.26367 0 0
25 0.27489 0 0
26 0.28611 0 0
27 0.29733 0 0
28 0.30855 0 0
29 0.31977 0 0
30 0.33099 0 0
31 0.34221 0 0
32 0.35343 0 0
33 0.36465 0 0
34 0.37587 0 0
35 0.38709 0 0
36 0.39831 0 0
37 0.40953 0 0
38 0.42075 0 0
39 0.43197 0 0
40 0.44319 0 0
41 0.45441 0 0
42 0.46563 0 0
43 0.47685 0 0
44 0.48807 0 0
45 0.49929 0 0
46 0.51051 0 0
47 0.52173 0 0
48 0.53295 0 0
49 0.54417 0 0
50 0.55539 0 0
51 0.56661 0 0
52 0.57783 0 0
53 0.58905 0 0
54 0.60027 0 0
55 0.61149 0 0
56 0.62271 0 0
57 0.63393 0 0
58 0.64515 0 0
59 0.65637 0 0
60 0.66759 0 0
61 0.67881 0 0
62 0.69003 0 0
63 0.70125 0 0
64 0.71247 0 0
65 0.72369 0 0
66 0.73491 0 0
67 0.74613 0 0
68 0.75735 0 0
69 0.76857 0 0
70 0.77979 0 0
71 0.79101 0 0
72 0.80223 0 0
73 0.81345 0 0
74 0.82467 0 0
75 0.83589 0 0
76 0.84711 0 0
77 0.85833 0 0
78 0.86955 0 0
79 0.88077 0.000459424 2e-05
80 0.89199 0.000447939 4e-05
81 0.90321 0.00349504 0.0002
82 0.91443 0.0102294 0.00068
83 0.92565 0.0195499 0.00162
84 0.93687 0.0669985 0.00492
85 0.94809 0.124104 0.01118
86 0.95931 0.205257 0.02178
87 0.97053 0.3027 0.03778
88 0.98175 0.465917 0.06298
89 0.99297 0.637266 0.09824
90 1.00419 0.808658 0.144
91 1.01541 0.992409 0.20142
92 1.02663 1.12165 0.26776
93 1.03785 1.20672 0.3407
94 1.04907 1.38151 0.42602
95 1.06029 1.47416 0.51902
96 1.07151 1.53409 0.61786
97 1.08273 1.59215 0.7226
98 1.09395 1.57395 0.8283
99 1.10517 1.5798 0.93658
100 1.11639 1.59653 1.04824
400000 100
1 0.00561 0 0
2 0.01683 0 0
3 0.02805 0 0
4 0.03927 0 0
5 0.05049 0 0
6 0.06171 0 0
7 0.07293 0 0
8 0.08415 0 0
9 0.09537 0 0
10 0.10659 0 0
11 0.11781 0 0
12 0.12903 0 0
13 0.14025 0 0
14 0.15147 0 0
15 0.16269 0 0
16 0.17391 0 0
17 0.18513 0 0
18 0.19635 0 0
19 0.20757 0 0
20 0.21879 0 0
21 0.23001 0 0
22 0.24123 0 0
23 0.25245 0 0
24 0.26367 0 0
25 0.27489 0 0
26 0.28611 0 0
27 0.29733 0 0
28 0.30855 0 0
29 0.31977 0 0
30 0.33099 0 0
31 0.34221 0 0
32 0.35343 0 0
33 0.36465 0 0
34 0.37587 0 0
35 0.38709 0 0
36 0.39831 0 0
37 0.40953 0 0
38 0.42075 0 0
39 0.43197 0 0
40 0.44319 0 0
41 0.45441 0 0
42 0.46563 0 0
43 0.47685 0 0
44 0.48807 0 0
45 0.49929 0 0
46 0.51051 0 0
47 0.52173 0 0
48 0.53295 0 0
49 0.54417 0 0
50 0.55539 0 0
51 0.56661 0 0
52 0.57783 0 0
53 0.58905 0 0
54 0.60027 0 0
55 0.61149 0 0
56 0.62271 0 0
57 0.63393 0 0
58 0.64515 0 0
59 0.65637 0 0
60 0.66759 0 0
61 0.67881 0 0
62 0.69003 0 0
63 0.70125 0 0
64 0.71247 0 0
65 0.72369 0 0
66 0.73491 0 0
67 0.74613 0 0
68 0.75735 0 0
69 0.76857 0 0
70 0.77979 0 0
71 0.79101 0 0
72 0.80223 0 0
73 0.81345 0 0
74 0.82467 0 0
75 0.83589 0 0
76 0.84711 0 0
77 0.85833 0 0
78 0.86955 0 0
79 0.88077 0 0
80 0.89199 0 0
81 0.90321 0.00262128 0.00012
82 0.91443 0.00937694 0.00056
83 0.92565 0.0249573 0.00176
84 0.93687 0.047102 0.00408
85 0.94809 0.118553 0.01006
86 0.95931 0.197511 0.02026
87 0.97053 0.317835 0.03706
88 0.98175 0.475901 0.0628
89 0.99297 0.607987 0.09644
90 1.00419 0.772961 0.14018
91 1.01541 1.00036 0.19806
92 1.02663 1.15547 0.2664
93 1.03785 1.30532 0.3453
94 1.04907 1.40417 0.43202
95 1.06029 1.4786 0.5253
96 1.07151 1.58562 0.62746
97 1.08273 1.58911 0.732
98 1.09395 1.64453 0.84244
99 1.10517 1.61948 0.95344
100 1.11639 1.59853 1.06524
450000 100
1 0.00561 0 0
2 0.01683 0 0
3 0.02805 0 0
4 0.03927 0 0
5 0.05049 0 0
6 0.06171 0 0
7 0.07293 0 0
8 0.08415 0 0
9 0.09537 0 0
10 0.10659 0 0
11 0.11781 0 0
12 0.12903 0 0
13 0.14025 0 0
14 0.15147 0 0
15 0.16269 0 0
16 0.17391 0 0
17 0.18513 0 0
18 0.19635 0 0
19 0.20757 0 0
20 0.21879 0 0
21 0.23001 0 0
22 0.24123 0 0
23 0.25245 0 0
24 0.26367 0 0
25 0.27489 0 0
26 0.28611 0 0
27 0.29733 0 0
28 0.30855 0 0
29 0.31977 0 0
30 0.33099 0 0
31 0.34221 0 0
32 0.35343 0 0
33 0.36465 0 0
34 0.37587 0 0
35 0.38709 0 0
36 0.39831 0 0
37 0.40953 0 0
38 0.42075 0 0
39 0.43197 0 0
40 0.44319 0 0
41 0.45441 0 0
42 0.46563 0 0
43 0.47685 0 0
44 0.48807 0 0
45 0.49929 0 0
46 0.51051 0 0
47 0.52173 0 0
48 0.53295 0 0
49 0.54417 0 0
50 0.55539 0 0
51 0.56661 0 0
52 0.57783 0 0
53 0.58905 0 0
54 0.60027 0 0
55 0.61149 0 0
56 0.62271 0 0
57 0.63393 0 0
58 0.64515 0 0
59 0.65637 0 0
60 0.66759 0 0
61 0.67881 0 0
62 0.69003 0 0
63 0.70125 0 0
64 0.71247 0 0
65 0.72369 0 0
66 0.73491 0 0
67 0.74613 0 0
68 0.75735 0 0
69 0.76857 0 0
70 0.77979 0 0
71 0.79101 0 0
72 0.80223 0 0
73 0.81345 0 0
74 0.82467 0 0
75 0.83589 0 0
76 0.84711 0 0
77 0.85833 0 0
78 0.86955 0 0
79 0.88077 0 0
80 0.89199 0.000447939 2e-05
81 0.90321 0.0043688 0.00022
82 0.91443 0.00639337 0.00052
83 0.92565 0.0232935 0.00164
84 0.93687 0.0576593 0.00448
85 0.94809 0.111416 0.0101
86 0.95931 0.17776 0.01928
87 0.97053 0.300808 0.03518
88 0.98175 0.459631 0.06004
89 0.99297 0.607987 0.09368
90 1.00419 0.763418 0.13688
91 1.01541 0.969941 0.193
92 1.02663 1.11827 0.25914
93 1.03785 1.27819 0.3364
94 1.04907 1.38151 0.42172
95 1.06029 1.4935 0.51594
96 1.07151 1.51795 0.61374
97 1.08273 1.55415 0.71598
98 1.09395 1.61862 0.82468
99 1.10517 1.59293 0.93386
100 1.11639 1.53734 1.04138
500000 100
1 0.00561 0 0
2 0.01683 0 0
3 0.02805 0 0
4 0.03927 0 0
5 0.05049 0 0
6 0.06171 0 0
7 0.07293 0 0
8 0.08415 0 0
9 0.09537 0 0
10 0.10659 0 0
11 0.11781 0 0
12 0.12903 0 0
13 0.14025 0 0
14 0.15147 0 0
15 0.16269 0 0
16 0.17391 0 0
17 0.18513 0 0
18 0.19635 0 0
19 0.20757 0 0
20 0.21879 0 0
21 0.23001 0 0
22 0.24123 0 0
23 0.25245 0 0
24 0.26367 0 0
25 0.27489 0 0
26 0.28611 0 0
27 0.29733 0 0
28 0.30855 0 0
29 0.31977 0 0
30 0.33099 0 0
31 0.34221 0 0
32 0.35343 0 0
33 0.36465 0 0
34 0.37587 0 0
35 0.38709 0 0
36 0.39831 0 0
37 0.40953 0 0
38 0.42075 0 0
39 0.43197 0 0
40 0.44319 0 0
41 0.45441 0 0
42 0.46563 0 0
43 0.47685 0 0
44 0.48807 0 0
45 0.49929 0 0
46 0.51051 0 0
47 0.52173 0 0
48 0.53295 0 0
49 0.54417 0 0
50 0.55539 0 0
51 0.56661 0 0
52 0.57783 0 0
53 0.58905 0 0
54 0.60027 0 0
55 0.61149 0 0
56 0.62271 0 0
57 0.63393 0 0
58 0.64515 0 0
59 0.65637 0 0
60 0.66759 0 0
61 0.67881 0 0
62 0.69003 0 0
63 0.70125 0 0
64 0.71247 0 0
65 0.72369 0 0
66 0.73491 0 0
67 0.74613 0 0
68 0.75735 0 0
69 0.76857 0 0
70 0.77979 0 0
71 0.79101 0 0
72 0.80223 0 0
73 0.81345 0 0
74 0.82467 0 0
75 0.83589 0 0
76 0.84711 0 0
77 0.85833 0 0
78 0.86955 0 0
79 0.88077 0 0
80 0.89199 0.000895879 4e-05
81 0.90321 0.00262128 0.00016
82 0.91443 0.00937694 0.0006
83 0.92565 0.0257892 0.00184
84 0.93687 0.054817 0.00454
85 0.94809 0.110623 0.01012
86 0.95931 0.202159 0.02056
87 0.97053 0.303457 0.0366
88 0.98175 0.467766 0.0619
89 0.99297 0.641965 0.09742
90 1.00419 0.801942 0.1428
91 1.01541 0.996903 0.20048
92 1.02663 1.12571 0.26706
93 1.03785 1.28878 0.34496
94 1.04907 1.37989 0.43018
95 1.06029 1.48526 0.52388
96 1.07151 1.52726 0.62228
97 1.08273 1.62133 0.72894
98 1.09395 1.59242 0.83588
99 1.10517 1.58009 0.94418
100 1.11639 1.55249 1.05276
550000 100
1 0.00561 0 0
2 0.01683 0 0
3 0.02805 0 0
4 0.03927 0 0
5 0.05049 0 0
6 0.06171 0 0
7 0.07293 0 0
8 0.08415 0 0
9 0.09537 0 0
10 0.10659 0 0
11 0.11781 0 0
12 0.12903 0 0
13 0.14025 0 0
14 0.15147 0 0
15 0.16269 0 0
16 0.17391 0 0
17 0.18513 0 0
18 0.19635 0 0
19 0.20757 0 0
20 0.21879 0 0
21 0.23001 0 0
22 0.24123 0 0
23 0.25245 0 0
24 0.26367 0 0
25 0.27489 0 0
26 0.28611 0 0
27 0.29733 0 0
28 0.30855 0 0
29 0.31977 0 0
30 0.33099 0 0
31 0.34221 0 0
32 0.35343 0 0
33 0.36465 0 0
34 0.37587 0 0
35 0.38709 0 0
36 0.39831 0 0
37 0.40953 0 0
38 0.42075 0 0
39 0.43197 0 0
40 0.44319 0 0
41 0.45441 0 0
42 0.46563 0 0
43 0.47685 0 0
44 0.48807 0 0
45 0.49929 0 0
46 0.51051 0 0
47 0.52173 0 0
48 0.53295 0 0
49 0.54417 0 0
50 0.55539 0 0
51 0.56661 0 0
52 0.57783 0 0
53 0.58905 0 0
54 0.60027 0 0
55 0.61149 0 0
56 0.62271 0 0
57 0.63393 0 0
58 0.64515 0 0
59 0.65637 0 0
60 0.66759 0 0
61 0.67881 0 0
62 0.69003 0 0
63 0.70125 0 0
64 0.71247 0 0
65 0.72369 0 0
66 0.73491 0 0
67 0.74613 0 0
68 0.75735 0 0
69 0.76857 0 0
70 0.77979 0 0
71 0.79101 0 0
72 0.80223 0 0
73 0.81345 0 0
74 0.82467 0 0
75 0.83589 0 0
76 0.84711 0 0
77 0.85833 0 0
78 0.86955 0 0
79 0.88077 0 0
80 0.89199 0.000447939 2e-05
81 0.90321 0.00174752 0.0001
82 0.91443 0.00681959 0.00042
83 0.92565 0.0212137 0.00144
84 0.93687 0.0491322 0.00386
85 0.94809 0.103882 0.0091
86 0.95931 0.20061 0.01946
87 0.97053 0.293997 0.035
88 0.98175 0.452975 0.0595
89 0.99297 0.657869 0.0959
90 1.00419 0.815726 0.14206
91 1.01541 0.992064 0.19946
92 1.02663 1.10204 0.26464
93 1.03785 1.2322 0.33912
94 1.04907 1.36758 0.42358
95 1.06029 1.47099 0.51638
96 1.07151 1.5223 0.61446
97 1.08273 1.57786 0.71826
98 1.09395 1.54536 0.82204
99 1.10517 1.60606 0.93212
100 1.11639 1.60368 1.04428
600000 100
1 0.00561 0 0
2 0.01683 0 0
3 0.02805 0 0
4 0.03927 0 0
5 0.05049 0 0
6 0.06171 0 0
7 0.07293 0 0
8 0.08415 0 0
9 0.09537 0 0
10 0.10659 0 0
11 0.11781 0 0
12 0.12903 0 0
13 0.14025 0 0
14 0.15147 0 0
15 0.16269 0 0
16 0.17391 0 0
17 0.18513 0 0
18 0.19635 0 0
19 0.20757 0 0
20 0.21879 0 0
21 0.23001 0 0
22 0.24123 0 0
23 0.25245 0 0
24 0.26367 0 0
25 0.27489 0 0
26 0.28611 0 0
27 0.29733 0 0
28 0.30855 0 0
29 0.31977 0 0
30 0.33099 0 0
31 0.34221 0 0
32 0.35343 0 0
33 0.36465 0 0
34 0.37587 0 0
35 0.38709 0 0
36 0.39831 0 0
37 0.40953 0 0
38 0.42075 0 0
39 0.43197 0 0
40 0.44319 0 0
41 0.45441 0 0
42 0.46563 0 0
43 0.47685 0 0
44 0.48807 0 0
45 0.49929 0 0
46 0.51051 0 0
47 0.52173 0 0
48 0.53295 0 0
49 0.54417 0 0
50 0.55539 0 0
51 0.56661 0 0
52 0.57783 0 0
53 0.58905 0 0
54 0.60027 0 0
55 0.61149 0 0
56 0.62271 0 0
57 0.63393 0 0
58 0.64515 0 0
59 0.65637 0 0
60 0.66759 0 0
61 0.67881 0 0
62 0.69003 0 0
63 0.70125 0 0
64 0.71247 0 0
65 0.72369 0 0
66 0.73491 0 0
67 0.74613 0 0
68 0.75735 0 0
69 0.76857 0 0
70 0.77979 0 0
71 0.79101 0 0
72 0.80223 0 0
73 0.81345 0 0
74 0.82467 0 0
75 0.83589 0 0
76 0.84711 0 0
77 0.85833 0 0
78 0.86955 0 0
79 0.88077 0 0
80 0.89199 0.000447939 2e-05
81 0.90321 0.00131064 8e-05
82 0.91443 0.00681959 0.0004
83 0.92565 0.0241254 0.00156
84 0.93687 0.0572533 0.00438
85 0.94809 0.116174 0.01024
86 0.95931 0.207968 0.02098
87 0.97053 0.306484 0.03718
88 0.98175 0.473683 0.0628
89 0.99297 0.628229 0.09756
90 1.00419 0.800175 0.14284
91 1.01541 0.975126 0.19926
92 1.02663 1.14701 0.2671
93 1.03785 1.29606 0.34544
94 1.04907 1.39996 0.4319
95 1.06029 1.47701 0.52508
96 1.07151 1.56358 0.62582
97 1.08273 1.59154 0.73052
98 1.09395 1.62011 0.83932
99 1.10517 1.63174 0.95116
100 1.11639 1.61826 1.06434
650000 100
1 0.00561 0 0
2 0.01683 0 0
3 0.02805 0 0
4 0.03927 0 0
5 0.05049 0 0
6 0.06171 0 0
7 0.07293 0 0
8 0.08415 0 0
9 0.09537 0 0
10 0.10659 0 0
11 0.11781 0 0
12 0.12903 0 0
13 0.14025 0 0
14 0.15147 0 0
15 0.16269 0 0
16 0.17391 0 0
17 0.18513 0 0
18 0.19635 0 0
19 0.20757 0 0
20 0.21879 0 0
21 0.23001 0 0
22 0.24123 0 0
23 0.25245 0 0
24 0.26367 0 0
25 0.27489 0 0
26 0.28611 0 0
27 0.29733 0 0
28 0.30855 0 0
29 0.31977 0 0
30 0.33099 0 0
31 0.34221 0 0
32 0.35343 0 0
33 0.36465 0 0
34 0.37587 0 0
35 0.38709 0 0
36 0.39831 0 0
37 0.40953 0 0
38 0.42075 0 0
39 0.43197 0 0
40 0.44319 0 0
41 0.45441 0 0
42 0.46563 0 0
43 0.47685 0 0
44 0.48807 0 0
45 0.49929 0 0
46 0.51051 0 0
47 0.52173 0 0
48 0.53295 0 0
49 0.54417 0 0
50 0.55539 0 0
51 0.56661 0 0
52 0.57783 0 0
53 0.58905 0 0
54 0.60027 0 0
55 0.61149 0 0
56 0.62271 0 0
57 0.63393 0 0
58 0.64515 0 0
59 0.65637 0 0
60 0.66759 0 0
61 0.67881 0 0
62 0.69003 0 0
63 0.70125 0 0
64 0.71247 0 0
65 0.72369 0 0
66 0.73491 0 0
67 0.74613 0 0
68 0.75735 0 0
69 0.76857 0 0
70 0.77979 0 0
71 0.79101 0 0
72 0.80223 0 0
73 0.81345 0 0
74 0.82467 0 0
75 0.83589 0 0
76 0.84711 0 0
77 0.85833 0 0
78 0.86955 0.000471357 2e-05
79 0.88077 0 2e-05
80 0.89199 0 2e-05
81 0.90321 0.0021844 0.00012
82 0.91443 0.00767204 0.00048
83 0.92565 0.0228775 0.00158
84 0.93687 0.0535988 0.00422
85 0.94809 0.115777 0.01006
86 0.95931 0.19054 0.0199
87 0.97053 0.322754 0.03696
88 0.98175 0.447798 0.06118
89 0.99297 0.644133 0.09682
90 1.00419 0.827036 0.14362
91 1.01541 0.954386 0.19884
92 1.02663 1.1345 0.26594
93 1.03785 1.26959 0.34268
94 1.04907 1.40968 0.42974
95 1.06029 1.48779 0.5236
96 1.07151 1.54992 0.62346
97 1.08273 1.54442 0.72506
98 1.09395 1.58199 0.8313
99 1.10517 1.58184 0.93972
100 1.11639 1.63971 1.0544
700000 100
1 0.00561 0 0
2 0.01683 0 0
3 0.02805 0 0
4 0.03927 0 0
5 0.05049 0 0
6 0.06171 0 0
7 0.07293 0 0
8 0.08415 0 0
9 0.09537 0 0
10 0.10659 0 0
11 0.11781 0 0
12 0.12903 0 0
13 0.14025 0 0
14 0.15147 0 0
15 0.16269 0 0
16 0.17391 0 0
17 0.18513 0 0
18 0.19635 0 0
19 0.20757 0 0
20 0.21879 0 0
21 0.23001 0 0
22 0.24123 0 0
23 0.25245 0 0
24 0.26367 0 0
25 0.27489 0 0
26 0.28611 0 0
27 0.29733 0 0
28 0.30855 0 0
29 0.31977 0 0
30 0.33099 0 0
31 0.34221 0 0
32 0.35343 0 0
33 0.36465 0 0
34 0.37587 0 0
35 0.38709 0 0
36 0.39831 0 0
37 0.40953 0 0
38 0.42075 0 0
39 0.43197 0 0
40 0.44319 0 0
41 0.45441 0 0
42 0.46563 0 0
43 0.47685 0 0
44 0.48807 0 0
45 0.49929 0 0
46 0.51051 0 0
47 0.52173 0 0
48 0.53295 0 0
49 0.54417 0 0
50 0.55539 0 0
51 0.56661 0 0
52 0.57783 0 0
53 0.58905 0 0
54 0.60027 0 0
55 0.61149 0 0
56 0.62271 0 0
57 0.63393 0 0
58 0.64515 0 0
59 0.65637 0 0
60 0.66759 0 0
61 0.67881 0 0
62 0.69003 0 0
63 0.70125 0 0
64 0.71247 0 0
65 0.72369 0 0
66 0.73491 0 0
67 0.74613 0 0
68 0.75735 0 0
69 0.76857 0 0
70 0.77979 0 0
71 0.79101 0 0
72 0.80223 0 0
73 0.81345 0 0
74 0.82467 0 0
75 0.83589 0 0
76 0.84711 0 0
77 0.85833 0 0
78 0.86955 0 0
79 0.88077 0 0
80 0.89199 0.000447939 2e-05
81 0.90321 0 2e-05
82 0.91443 0.00596715 0.0003
83 0.92565 0.0245413 0.00148
84 0.93687 0.0596896 0.00442
85 0.94809 0.105468 0.00974
86 0.95931 0.200997 0.02012
87 0.97053 0.311024 0.03656
88 0.98175 0.452236 0.06102
89 0.99297 0.648832 0.09692
90 1.00419 0.79452 0.14188
91 1.01541 0.984113 0.19882
92 1.02663 1.10779 0.26434
93 1.03785 1.29805 0.3428
94 1.04907 1.43526 0.43144
95 1.06029 1.48843 0.52534
96 1.07151 1.47946 0.62066
97 1.08273 1.57634 0.72436
98 1.09395 1.57455 0.8301
99 1.10517 1.58768 0.93892
100 1.11639 1.58423 1.04972
750000 100
1 0.00561 0 0
2 0.01683 0 0
3 0.02805 0 0
4 0.03927 0 0
5 0.05049 0 0
6 0.06171 0 0
7 0.07293 0 0
8 0.08415 0 0
9 0.09537 0 0
10 0.10659 0 0
11 0.11781 0 0
12 0.12903 0 0
13 0.14025 0 0
14 0.15147 0 0
15 0.16269 0 0
16 0.17391 0 0
17 0.18513 0 0
18 0.19635 0 0
19 0.20757 0 0
20 0.21879 0 0
21 0.23001 0 0
22 0.24123 0 0
23 0.25245 0 0
24 0.26367 0 0
25 0.27489 0 0
26 0.28611 0 0
27 0.29733 0 0
28 0.30855 0 0
29 0.31977 0 0
30 0.33099 0 0
31 0.34221 0 0
32 0.35343 0 0
33 0.36465 0 0
34 0.37587 0 0
35 0.38709 0 0
36 0.39831 0 0
37 0.40953 0 0
38 0.42075 0 0
39 0.43197 0 0
40 0.44319 0 0
41 0.45441 0 0
42 0.46563 0 0
43 0.47685 0 0
44 0.48807 0 0
45 0.49929 0 0
46 0.51051 0 0
47 0.52173 0 0
48 0.53295 0 0
49 0.54417 0 0
50 0.55539 0 0
51 0.56661 0 0
52 0.57783 0 0
53 0.58905 0 0
54 0.60027 0 0
55 0.61149 0 0
56 0.62271 0 0
57 0.63393 0 0
58 0.64515 0 0
59 0.65637 0 0
60 0.66759 0 0
61 0.67881 0 0
62 0.69003 0 0
63 0.70125 0 0
64 0.71247 0 0
65 0.72369 0 0
66 0.73491 0 0
67 0.74613 0 0
68 0.75735 0 0
69 0.76857 0 0
70 0.77979 0 0
71 0.79101 0 0
72 0.80223 0 0
73 0.81345 0 0
74 0.82467 0 0
75 0.83589 0 0
76 0.84711 0 0
77 0.85833 0 0
78 0.86955 0 0
79 0.88077 0.000459424 2e-05
80 0.89199 0.000447939 4e-05
81 0.90321 0.00262128 0.00016
82 0.91443 0.0123605 0.00074
83 0.92565 0.0224616 0.00182
84 0.93687 0.0682167 0.00518
85 0.94809 0.106261 0.01054
86 0.95931 0.202933 0.02102
87 0.97053 0.318213 0.03784
88 0.98175 0.434487 0.06134
89 0.99297 0.624253 0.09588
90 1.00419 0.80371 0.14136
91 1.01541 0.956806 0.19672
92 1.02663 1.11354 0.26258
93 1.03785 1.28084 0.34
94 1.04907 1.35398 0.42362
95 1.06029 1.46433 0.516
96 1.07151 1.53192 0.6147
97 1.08273 1.56479 0.71764
98 1.09395 1.59688 0.82488
99 1.10517 1.62911 0.93654
100 1.11639 1.55449 1.04526
800000 100
1 0.00561 0 0
2 0.01683 0 0
3 0.02805 0 0
4 0.03927 0 0
5 0.05049 0 0
6 0.06171 0 0
7 0.07293 0 0
8 0.08415 0 0
9 0.09537 0 0
10 0.10659 0 0
11 0.11781 0 0
12 0.12903 0 0
13 0.14025 0 0
14 0.15147 0 0
15 0.16269 0 0
16 0.17391 0 0
17 0.18513 0 0
18 0.19635 0 0
19 0.20757 0 0
20 0.21879 0 0
21 0.23001 0 0
22 0.24123 0 0
23 0.25245 0 0
24 0.26367 0 0
25 0.27489 0 0
26 0.28611 0 0
27 0.29733 0 0
28 0.30855 0 0
29 0.31977 0 0
30 0.33099 0 0
31 0.34221 0 0
32 0.35343 0 0
33 0.36465 0 0
34 0.37587 0 0
35 0.38709 0 0
36 0.39831 0 0
37 0.40953 0 0
38 0.42075 0 0
39 0.43197 0 0
40 0.44319 0 0
41 0.45441 0 0
42 0.46563 0 0
43 0.47685 0 0
44 0.48807 0 0
45 0.49929 0 0
46 0.51051 0 0
47 0.52173 0 0
48 0.53295 0 0
49 0.54417 0 0
50 0.55539 0 0
51 0.56661 0 0
52 0.57783 0 0
53 0.58905 0 0
54 0.60027 0 0
55 0.61149 0 0
56 0.62271 0 0
57 0.63393 0 0
58 0.64515 0 0
59 0.65637 0 0
60 0.66759 0 0
61 0.67881 0 0
62 0.69003 0 0
63 0.70125 0 0
64 0.71247 0 0
65 0.72369 0 0
66 0.73491 0 0
67 0.74613 0 0
68 0.75735 0 0
69 0.76857 0 0
70 0.77979 0 0
71 0.79101 0 0
72 0.80223 0 0
73 0.81345 0 0
74 0.82467 0 0
75 0.83589 0 0
76 0.84711 0 0
77 0.85833 0 0
78 0.86955 0 0
79 0.88077 0 0
80 0.89199 0.00179176 8e-05
81 0.90321 0.00087376 0.00012
82 0.91443 0.00809827 0.0005
83 0.92565 0.0212137 0.00152
84 0.93687 0.0609077 0.00452
85 0.94809 0.109037 0.01002
86 0.95931 0.203708 0.02054
87 0.97053 0.322754 0.0376
88 0.98175 0.467027 0.06286
89 0.99297 0.647025 0.09866
90 1.00419 0.817494 0.14492
91 1.01541 0.94851 0.1998
92 1.02663 1.12064 0.26608
93 1.03785 1.24544 0.34136
94 1.04907 1.43947 0.43026
95 1.06029 1.48145 0.52372
96 1.07151 1.55396 0.62384
97 1.08273 1.52496 0.72416
98 1.09395 1.61088 0.83234
99 1.10517 1.569 0.93988
100 1.11639 1.5971 1.05158
850000 100
1 0.00561 0 0
2 0.01683 0 0
3 0.02805 0 0
4 0.03927 0 0
5 0.05049 0 0
6 0.06171 0 0
7 0.07293 0 0
8 0.08415 0 0
9 0.09537 0 0
10 0.10659 0 0
11 0.11781 0 0
12 0.12903 0 0
13 0.14025 0 0
14 0.15147 0 0
15 0.16269 0 0
16 0.17391 0 0
17 0.18513 0 0
18 0.19635 0 0
19 0.20757 0 0
20 0.21879 0 0
21 0.23001 0 0
22 0.24123 0 0
23 0.25245 0 0
24 0.26367 0 0
25 0.27489 0 0
26 0.28611 0 0
27 0.29733 0 0
28 0.30855 0 0
29 0.31977 0 0
30 0.33099 0 0
31 0.34221 0 0
32 0.35343 0 0
33 0.36465 0 0
34 0.37587 0 0
35 0.38709 0 0
36 0.39831 0 0
37 0.40953 0 0
38 0.42075 0 0
39 0.43197 0 0
40 0.44319 0 0
41 0.45441 0 0
42 0.46563 0 0
43 0.47685 0 0
44 0.48807 0 0
45 0.49929 0 0
46 0.51051 0 0
47 0.52173 0 0
48 0.53295 0 0
49 0.54417 0 0
50 0.55539 0 0
51 0.56661 0 0
52 0.57783 0 0
53 0.58905 0 0
54 0.60027 0 0
55 0.61149 0 0
56 0.62271 0 0
57 0.63393 0 0
58 0.64515 0 0
59 0.65637 0 0
60 0.66759 0 0
61 0.67881 0 0
62 0.69003 0 0
63 0.70125 0 0
64 0.71247 0 0
65 0.72369 0 0
66 0.73491 0 0
67 0.74613 0 0
68 0.75735 0 0
69 0.76857 0 0
70 0.77979 0 0
71 0.79101 0 0
72 0.80223 0 0
73 0.81345 0 0
74 0.82467 0 0
75 0.83589 0 0
76 0.84711 0 0
77 0.85833 0 0
78 0.86955 0 0
79 0.88077 0 0
80 0.89199 0.000447939 2e-05
81 0.90321 0.0021844 0.00012
82 0.91443 0.0110818 0.00064
83 0.92565 0.0245413 0.00182
84 0.93687 0.0588775 0.00472
85 0.94809 0.122121 0.01088
86 0.95931 0.18783 0.02058
87 0.97053 0.326916 0.03786
88 0.98175 0.459631 0.06272
89 0.99297 0.626783 0.0974
90 1.00419 0.784624 0.1418
91 1.01541 0.975126 0.19822
92 1.02663 1.13281 0.26522
93 1.03785 1.31161 0.3445
94 1.04907 1.38766 0.4302
95 1.06029 1.50111 0.5249
96 1.07151 1.54775 0.62462
97 1.08273 1.62316 0.7314
98 1.09395 1.65555 0.84258
99 1.10517 1.64691 0.95546
100 1.11639 1.61884 1.06868
900000 100
1 0.00561 0 0
2 0.01683 0 0
3 0.02805 0 0
4 0.03927 0 0
5 0.05049 0 0
6 0.06171 0 0
7 0.07293 0 0
8 0.08415 0 0
9 0.09537 0 0
10 0.10659 0 0
11 0.11781 0 0
12 0.12903 0 0
13 0.14025 0 0
14 0.15147 0 0
15 0.16269 0 0
16 0.17391 0 0
17 0.18513 0 0
18 0.19635 0 0
19 0.20757 0 0
20 0.21879 0 0
21 0.23001 0 0
22 0.24123 0 0
23 0.25245 0 0
24 0.26367 0 0
25 0.27489 0 0
26 0.28611 0 0
27 0.29733 0 0
28 0.30855 0 0
29 0.31977 0 0
30 0.33099 0 0
31 0.34221 0 0
32 0.35343 0 0
33 0.36465 0 0
34 0.37587 0 0
35 0.38709 0 0
36 0.39831 0 0
37 0.40953 0 0
38 0.42075 0 0
39 0.43197 0 0
40 0.44319 0 0
41 0.45441 0 0
42 0.46563 0 0
43 0.47685 0 0
44 0.48807 0 0
45 0.49929 0 0
46 0.51051 0 0
47 0.52173 0 0
48 0.53295 0 0
49 0.54417 0 0
50 0.55539 0 0
51 0.56661 0 0
52 0.57783 0 0
53 0.58905 0 0
54 0.60027 0 0
55 0.61149 0 0
56 0.62271 0 0
57 0.63393 0 0
58 0.64515 0 0
59 0.65637 0 0
60 0.66759 0 0
61 0.67881 0 0
62 0.69003 0 0
63 0.70125 0 0
64 0.71247 0 0
65 0.72369 0 0
66 0.73491 0 0
67 0.74613 0 0
68 0.75735 0 0
69 0.76857 0 0
70 0.77979 0 0
71 0.79101 0 0
72 0.80223 0 0
73 0.81345 0 0
74 0.82467 0 0
75 0.83589 0 0
76 0.84711 0 0
77 0.85833 0 0
78 0.86955 0 0
79 0.88077 0.000459424 2e-05
80 0.89199 0 2e-05
81 0.90321 0.00131064 8e-05
82 0.91443 0.0110818 0.0006
83 0.92565 0.0257892 0.00184
84 0.93687 0.0613138 0.00486
85 0.94809 0.110623 0.01044
86 0.95931 0.190153 0.02026
87 0.97053 0.316321 0.03698
88 0.98175 0.466287 0.0622
89 0.99297 0.59895 0.09534
90 1.00419 0.81714 0.14158
91 1.01541 0.962336 0.19726
92 1.02663 1.12233 0.26364
93 1.03785 1.28051 0.34104
94 1.04907 1.3624 0.42518
95 1.06029 1.43992 0.51602
96 1.07151 1.48349 0.6116
97 1.08273 1.59093 0.71626
98 1.09395 1.57663 0.82214
99 1.10517 1.59439 0.93142
100 1.11639 1.53362 1.03868
950000 100
1 0.00561 0 0
2 0.01683 0 0
3 0.02805 0 0
4 0.03927 0 0
5 0.05049 0 0
6 0.06171 0 0
7 0.07293 0 0
8 0.08415 0 0
9 0.09537 0 0
10 0.10659 0 0
11 0.11781 0 0
12 0.12903 0 0
13 0.14025 0 0
14 0.15147 0 0
15 0.16269 0 0
16 0.17391 0 0
17 0.18513 0 0
18 0.19635 0 0
19 0.20757 0 0
20 0.21879 0 0
21 0.23001 0 0
22 0.24123 0 0
23 0.25245 0 0
24 0.26367 0 0
25 0.27489 0 0
26 0.28611 0 0
27 0.29733 0 0
28 0.30855 0 0
29 0.31977 0 0
30 0.33099 0 0
31 0.34221 0 0
32 0.35343 0 0
33 0.36465 0 0
34 0.37587 0 0
35 0.38709 0 0
36 0.39831 0 0
37 0.40953 0 0
38 0.42075 0 0
39 0.43197 0 0
40 0.44319 0 0
41 0.45441 0 0
42 0.46563 0 0
43 0.47685 0 0
44 0.48807 0 0
45 0.49929 0 0
46 0.51051 0 0
47 0.52173 0 0
48 0.53295 0 0
49 0.54417 0 0
50 0.55539 0 0
51 0.56661 0 0
52 0.57783 0 0
53 0.58905 0 0
54 0.60027 0 0
55 0.61149 0 0
56 0.62271 0 0
57 0.63393 0 0
58 0.64515 0 0
59 0.65637 0 0
60 0.66759 0 0
61 0.67881 0 0
62 0.69003 0 0
63 0.70125 0 0
64 0.71247 0 0
65 0.72369 0 0
66 0.73491 0 0
67 0.74613 0 0
68 0.75735 0 0
69 0.76857 0 0
70 0.77979 0 0
71 0.79101 0 0
72 0.80223 0 0
73 0.81345 0 0
74 0.82467 0 0
75 0.83589 0 0
76 0.84711 0 0
77 0.85833 0 0
78 0.86955 0 0
79 0.88077 0.000459424 2e-05
80 0.89199 0.000447939 4e-05
81 0.90321 0.00393192 0.00022
82 0.91443 0.00937694 0.00066
83 0.92565 0.0207977 0.00166
84 0.93687 0.047102 0.00398
85 0.94809 0.111019 0.00958
86 0.95931 0.201384 0.01998
87 0.97053 0.309511 0.03634
88 0.98175 0.462959 0.06138
89 0.99297 0.653532 0.09754
90 1.00419 0.795227 0.14254
91 1.01541 0.990335 0.19984
92 1.02663 1.15648 0.26824
93 1.03785 1.26198 0.34452
94 1.04907 1.38928 0.43032
95 1.06029 1.45958 0.5224
96 1.07151 1.55085 0.62232
97 1.08273 1.60735 0.72806
98 1.09395 1.65615 0.83928
99 1.10517 1.58301 0.94778
100 1.11639 1.57737 1.0581
1000000 100
1 0.00561 0 0
2 0.01683 0 0
3 0.02805 0 0
4 0.03927 0 0
5 0.05049 0 0
6 0.06171 0 0
7 0.07293 0 0
8 0.08415 0 0
9 0.09537 0 0
10 0.10659 0 0
11 0.11781 0 0
12 0.12903 0 0
13 0.14025 0 0
14 0.15147 0 0
15 0.16269 0 0
16 0.17391 0 0
17 0.18513 0 0
18 0.19635 0 0
19 0.20757 0 0
20 0.21879 0 0
21 0.23001 0 0
22 0.24123 0 0
23 0.25245 0 0
24 0.26367 0 0
25 0.27489 0 0
26 0.28611 0 0
27 0.29733 0 0
28 0.30855 0 0
29 0.31977 0 0
30 0.33099 0 0
31 0.34221 0 0
32 0.35343 0 0
33 0.36465 0 0
34 0.37587 0 0
35 0.38709 0 0
36 0.39831 0 0
37 0.40953 0 0
38 0.42075 0 0
39 0.43197 0 0
40 0.44319 0 0
41 0.45441 0 0
42 0.46563 0 0
43 0.47685 0 0
44 0.48807 0 0
45 0.49929 0 0
46 0.51051 0 0
47 0.52173 0 0
48 0.53295 0 0
49 0.54417 0 0
50 0.55539 0 0
51 0.56661 0 0
52 0.57783 0 0
53 0.58905 0 0
54 0.60027 0 0
55 0.61149 0 0
56 0.62271 0 0
57 0.63393 0 0
58 0.64515 0 0
59 0.65637 0 0
60 0.66759 0 0
61 0.67881 0 0
62 0.69003 0 0
63 0.70125 0 0
64 0.71247 0 0
65 0.72369 0 0
66 0.73491 0 0
67 0.74613 0 0
68 0.75735 0 0
69 0.76857 0 0
70 0.77979 0 0
71 0.79101 0 0
72 0.80223 0 0
73 0.81345 0 0
74 0.82467 0 0
75 0.83589 0 0
76 0.84711 0 0
77 0.85833 0 0
78 0.86955 0 0
79 0.88077 0 0
80 0.89199 0.00134382 6e-05
81 0.90321 0.00087376 0.0001
82 0.91443 0.0051147 0.00034
83 0.92565 0.0232935 0.00146
84 0.93687 0.0479141 0.00382
85 0.94809 0.118949 0.00982
86 0.95931 0.188991 0.01958
87 0.97053 0.317456 0.03636
88 0.98175 0.465178 0.06152
89 0.99297 0.6163 0.09562
90 1.00419 0.7924 0.14046
91 1.01541 0.984805 0.19744
92 1.02663 1.12639 0.26406
93 1.03785 1.28911 0.34198
94 1.04907 1.38442 0.42748
95 1.06029 1.46909 0.52016
96 1.07151 1.57041 0.62134
97 1.08273 1.53651 0.72242
98 1.09395 1.61207 0.83068
99 1.10517 1.58972 0.93964
100 1.11639 1.60711 1.05204
