# Time-averaged data for fix calcRDF
# TimeStep Number-of-rows
# Row c_myRDF[1] c_myRDF[2] c_myRDF[3]
50000 100
1 0.02 0 0
2 0.06 0 0
3 0.1 0 0
4 0.14 0 0
5 0.18 0 0
6 0.22 0 0
7 0.26 0 0
8 0.3 0 0
9 0.34 0 0
10 0.38 0 0
11 0.42 0 0
12 0.46 0 0
13 0.5 0 0
14 0.54 0 0
15 0.58 0 0
16 0.62 0 0
17 0.66 0 0
18 0.7 0 0
19 0.74 0 0
20 0.78 0 0
21 0.82 0 0
22 0.86 0 0
23 0.9 0.00259144 0.00042
24 0.94 0.10283 0.0186
25 0.98 0.644356 0.14242
26 1.02 1.57558 0.4704
27 1.06 2.28602 0.98432
28 1.1 2.55611 1.60314
29 1.14 2.48912 2.25036
30 1.18 2.20414 2.8644
31 1.22 1.96494 3.44954
32 1.26 1.7068 3.99168
33 1.3 1.52058 4.50582
34 1.34 1.33924 4.98694
35 1.38 1.23985 5.45934
36 1.42 1.12964 5.91506
37 1.46 1.07155 6.37204
38 1.5 1.02814 6.83486
39 1.54 0.976521 7.2982
40 1.58 0.954816 7.77508
41 1.62 0.928133 8.2624
42 1.66 0.927478 8.77372
43 1.7 0.927309 9.30988
44 1.74 0.950279 9.88548
45 1.78 0.957019 10.4921
46 1.82 0.979549 11.1413
47 1.86 1.00936 11.8399
48 1.9 1.05509 12.6019
49 1.94 1.07937 13.4146
50 1.98 1.1193 14.2925
51 2.02 1.15024 15.2315
52 2.06 1.16261 16.2185
53 2.1 1.20121 17.2783
54 2.14 1.20244 18.38
55 2.18 1.20737 19.528
56 2.22 1.1832 20.6946
57 2.26 1.1744 21.8946
58 2.3 1.15326 23.1151
59 2.34 1.13036 24.3534
60 2.38 1.10545 25.6061
61 2.42 1.08319 26.8752
62 2.46 1.07233 28.1735
63 2.5 1.05135 29.4881
64 2.54 1.03577 30.8249
65 2.58 1.03301 32.2006
66 2.62 1.02355 33.6062
67 2.66 1.02287 35.0541
68 2.7 1.01757 36.5382
69 2.74 1.02436 38.0768
70 2.78 1.02403 39.6601
71 2.82 1.02224 41.2864
72 2.86 1.0302 42.9722
73 2.9 1.03689 44.7168
74 2.94 1.03819 46.5121
75 2.98 1.04653 48.3713
76 3.02 1.03772 50.2648
77 3.06 1.04599 52.2242
78 3.1 1.03931 54.2223
79 3.14 1.04361 56.2809
80 3.18 1.04829 58.4016
81 3.22 1.04592 60.5712
82 3.26 1.03843 62.779
83 3.3 1.03442 65.0326
84 3.34 1.02791 67.3267
85 3.38 1.02687 69.6737
86 3.42 1.01779 72.0553
87 3.46 1.019 74.4958
88 3.5 1.01124 76.974
89 3.54 1.0049 79.4934
90 3.58 1.00133 82.0608
91 3.62 1.00125 84.6857
92 3.66 0.99891 87.3627
93 3.7 0.991194 90.0774
94 3.74 0.997329 92.8683
95 3.78 0.993091 95.707
96 3.82 0.992962 98.6058
97 3.86 0.995489 101.573
98 3.9 0.99783 104.609
99 3.94 0.991853 107.69
100 3.98 0.995286 110.844
100000 100
1 0.02 0 0
2 0.06 0 0
3 0.1 0 0
4 0.14 0 0
5 0.18 0 0
6 0.22 0 0
7 0.26 0 0
8 0.3 0 0
9 0.34 0 0
10 0.38 0 0
11 0.42 0 0
12 0.46 0 0
13 0.5 0 0
14 0.54 0 0
15 0.58 0 0
16 0.62 0 0
17 0.66 0 0
18 0.7 0 0
19 0.74 0 0
20 0.78 0 0
21 0.82 0 0
22 0.86 0 0
23 0.9 0.00382545 0.00062
24 0.94 0.103622 0.01894
25 0.98 0.64571 0.14302
26 1.02 1.55031 0.46574
27 1.06 2.27241 0.9766
28 1.1 2.57304 1.59952
29 1.14 2.45843 2.23876
30 1.18 2.20931 2.85424
31 1.22 1.93102 3.42928
32 1.26 1.7 3.96926
33 1.3 1.51945 4.48302
34 1.34 1.35578 4.97008
35 1.38 1.23114 5.43916
36 1.42 1.12686 5.89376
37 1.46 1.06709 6.34884
38 1.5 1.00748 6.80236
39 1.54 0.97825 7.26652
40 1.58 0.941561 7.73678
41 1.62 0.927066 8.22354
42 1.66 0.918227 8.72976
43 1.7 0.931079 9.2681
44 1.74 0.93859 9.83662
45 1.78 0.960931 10.4457
46 1.82 0.980907 11.0958
47 1.86 1.01523 11.7985
48 1.9 1.03972 12.5494
49 1.94 1.07791 13.361
50 1.98 1.11958 14.2391
51 2.02 1.15068 15.1785
52 2.06 1.17317 16.1745
53 2.1 1.1926 17.2267
54 2.14 1.20722 18.3327
55 2.18 1.19681 19.4706
56 2.22 1.18406 20.6381
57 2.26 1.17328 21.837
58 2.3 1.1433 23.047
59 2.34 1.11736 24.271
60 2.38 1.09809 25.5154
61 2.42 1.08115 26.7821
62 2.46 1.06444 28.0708
63 2.5 1.0437 29.3758
64 2.54 1.03817 30.7158
65 2.58 1.02838 32.0853
66 2.62 1.02265 33.4897
67 2.66 1.01729 34.9297
68 2.7 1.02281 36.4214
69 2.74 1.01945 37.9526
70 2.78 1.01528 39.5223
71 2.82 1.02253 41.1491
72 2.86 1.02817 42.8316
73 2.9 1.02673 44.5591
74 2.94 1.03792 46.3539
75 2.98 1.0374 48.197
76 3.02 1.04219 50.0986
77 3.06 1.04056 52.0478
78 3.1 1.04803 54.0627
79 3.14 1.04514 56.1243
80 3.18 1.03963 58.2275
81 3.22 1.04218 60.3893
82 3.26 1.03831 62.5969
83 3.3 1.02876 64.8382
84 3.34 1.02816 67.1328
85 3.38 1.01866 69.461
86 3.42 1.01108 71.8269
87 3.46 1.01359 74.2545
88 3.5 1.0116 76.7336
89 3.54 0.999253 79.2388
90 3.58 0.997087 81.7953
91 3.62 0.997023 84.4092
92 3.66 0.995634 87.0774
93 3.7 0.997986 89.8107
94 3.74 0.99615 92.5982
95 3.78 0.996701 95.4473
96 3.82 0.995887 98.3546
97 3.86 0.992296 101.312
98 3.9 0.999178 104.353
99 3.94 0.99403 107.44
100 3.98 0.988666 110.573
150000 100
1 0.02 0 0
2 0.06 0 0
3 0.1 0 0
4 0.14 0 0
5 0.18 0 0
6 0.22 0 0
7 0.26 0 0
8 0.3 0 0
9 0.34 0 0
10 0.38 0 0
11 0.42 0 0
12 0.46 0 0
13 0.5 0 0
14 0.54 0 0
15 0.58 0 0
16 0.62 0 0
17 0.66 0 0
18 0.7 0 0
19 0.74 0 0
20 0.78 0 0
21 0.82 0 0
22 0.86 0 0
23 0.9 0.00357865 0.00058
24 0.94 0.104527 0.01906
25 0.98 0.64113 0.14226
26 1.02 1.58586 0.47238
27 1.06 2.33255 0.99676
28 1.1 2.55445 1.61518
29 1.14 2.44528 2.251
30 1.18 2.21182 2.86718
31 1.22 1.94674 3.4469
32 1.26 1.70189 3.98748
33 1.3 1.51283 4.499
34 1.34 1.36947 4.99098
35 1.38 1.24295 5.46456
36 1.42 1.14154 5.92508
37 1.46 1.0685 6.38076
38 1.5 1.00952 6.8352
39 1.54 0.972854 7.2968
40 1.58 0.960302 7.77642
41 1.62 0.927523 8.26342
42 1.66 0.920041 8.77064
43 1.7 0.942425 9.31554
44 1.74 0.951699 9.892
45 1.78 0.953044 10.4961
46 1.82 0.991621 11.1533
47 1.86 1.00858 11.8513
48 1.9 1.06074 12.6174
49 1.94 1.07406 13.4262
50 1.98 1.12078 14.3052
51 2.02 1.16467 15.256
52 2.06 1.1791 16.257
53 2.1 1.20101 17.3166
54 2.14 1.19991 18.416
55 2.18 1.20222 19.559
56 2.22 1.19582 20.7381
57 2.26 1.16808 21.9317
58 2.3 1.14589 23.1444
59 2.34 1.1333 24.3859
60 2.38 1.10522 25.6383
61 2.42 1.08894 26.9142
62 2.46 1.07281 28.213
63 2.5 1.05776 29.5356
64 2.54 1.04924 30.8899
65 2.58 1.03148 32.2635
66 2.62 1.03232 33.6812
67 2.66 1.02549 35.1328
68 2.7 1.02891 36.6334
69 2.74 1.0295 38.1797
70 2.78 1.02178 39.7595
71 2.82 1.02946 41.3973
72 2.86 1.03092 43.0843
73 2.9 1.02946 44.8164
74 2.94 1.03374 46.6039
75 2.98 1.04301 48.457
76 3.02 1.04243 50.359
77 3.06 1.04428 52.3152
78 3.1 1.04907 54.3321
79 3.14 1.04329 56.39
80 3.18 1.04573 58.5056
81 3.22 1.04809 60.6797
82 3.26 1.03768 62.8859
83 3.3 1.03546 65.1418
84 3.34 1.02878 67.4378
85 3.38 1.01923 69.7673
86 3.42 1.01921 72.1522
87 3.46 1.01182 74.5756
88 3.5 1.01527 77.0637
89 3.54 1.00768 79.59
90 3.58 1.00597 82.1693
91 3.62 1.00189 84.7959
92 3.66 1.00234 87.4821
93 3.7 0.995934 90.2098
94 3.74 0.997151 93.0001
95 3.78 1.00021 95.8593
96 3.82 0.997093 98.7701
97 3.86 0.993866 101.733
98 3.9 0.996437 104.765
99 3.94 0.9966 107.86
100 3.98 0.993368 111.008
200000 100
1 0.02 0 0
2 0.06 0 0
3 0.1 0 0
4 0.14 0 0
5 0.18 0 0
6 0.22 0 0
7 0.26 0 0
8 0.3 0 0
9 0.34 0 0
10 0.38 0 0
11 0.42 0 0
12 0.46 0 0
13 0.5 0 0
14 0.54 0 0
15 0.58 0 0
16 0.62 0 0
17 0.66 0 0
18 0.7 0 0
19 0.74 0 0
20 0.78 0 0
21 0.82 0 0
22 0.86 0 0
23 0.9 0.00357865 0.00058
24 0.94 0.111993 0.02038
25 0.98 0.642379 0.14382
26 1.02 1.57548 0.47178
27 1.06 2.31716 0.9927
28 1.1 2.57643 1.61644
29 1.14 2.43981 2.25084
30 1.18 2.22704 2.87126
31 1.22 1.97199 3.4585
32 1.26 1.71164 4.00218
33 1.3 1.50638 4.51152
34 1.34 1.35611 4.9987
35 1.38 1.22179 5.46422
36 1.42 1.14149 5.92472
37 1.46 1.05795 6.3759
38 1.5 1.00397 6.82784
39 1.54 0.974077 7.29002
40 1.58 0.94921 7.7641
41 1.62 0.944626 8.26008
42 1.66 0.930743 8.7732
43 1.7 0.934919 9.31376
44 1.74 0.951104 9.88986
45 1.78 0.960679 10.4988
46 1.82 0.990504 11.1552
47 1.86 1.01245 11.856
48 1.9 1.04089 12.6077
49 1.94 1.07435 13.4167
50 1.98 1.11594 14.2919
51 2.02 1.15957 15.2385
52 2.06 1.18403 16.2438
53 2.1 1.19938 17.3019
54 2.14 1.20336 18.4045
55 2.18 1.20142 19.5467
56 2.22 1.19868 20.7286
57 2.26 1.16706 21.9212
58 2.3 1.14832 23.1365
59 2.34 1.12844 24.3726
60 2.38 1.10446 25.6242
61 2.42 1.08433 26.8947
62 2.46 1.07009 28.1902
63 2.5 1.05043 29.5036
64 2.54 1.0403 30.8464
65 2.58 1.03525 32.225
66 2.62 1.0288 33.6378
67 2.66 1.02048 35.0824
68 2.7 1.02086 36.5712
69 2.74 1.01653 38.098
70 2.78 1.02142 39.6773
71 2.82 1.02884 41.3141
72 2.86 1.02824 42.9967
73 2.9 1.03336 44.7354
74 2.94 1.03067 46.5176
75 2.98 1.03874 48.3631
76 3.02 1.04035 50.2613
77 3.06 1.04384 52.2167
78 3.1 1.04385 54.2236
79 3.14 1.04933 56.2934
80 3.18 1.04664 58.4108
81 3.22 1.03941 60.5669
82 3.26 1.03782 62.7734
83 3.3 1.03119 65.02
84 3.34 1.02751 67.3132
85 3.38 1.0201 69.6447
86 3.42 1.02145 72.0348
87 3.46 1.0158 74.4677
88 3.5 1.01121 76.9459
89 3.54 1.00594 79.4678
90 3.58 1.00284 82.0391
91 3.62 1.00474 84.6732
92 3.66 0.994664 87.3388
93 3.7 0.996737 90.0687
94 3.74 0.994949 92.8529
95 3.78 0.995973 95.6999
96 3.82 0.992893 98.5985
97 3.86 0.99188 101.555
98 3.9 0.989069 104.565
99 3.94 0.992575 107.647
100 3.98 0.993355 110.795
250000 100
1 0.02 0 0
2 0.06 0 0
3 0.1 0 0
4 0.14 0 0
5 0.18 0 0
6 0.22 0 0
7 0.26 0 0
8 0.3 0 0
9 0.34 0 0
10 0.38 0 0
11 0.42 0 0
12 0.46 0 0
13 0.5 0 0
14 0.54 0 0
15 0.58 0 0
16 0.62 0 0
17 0.66 0 0
18 0.7 0 0
19 0.74 0 0
20 0.78 0 0
21 0.82 0 0
22 0.86 0 0
23 0.9 0.00283824 0.00046
24 0.94 0.107242 0.01942
25 0.98 0.641442 0.14268
26 1.02 1.59729 0.47518
27 1.06 2.30782 0.994
28 1.1 2.54008 1.60894
29 1.14 2.4735 2.2521
30 1.18 2.23472 2.87466
31 1.22 1.97461 3.46268
32 1.26 1.70189 4.00326
33 1.3 1.50277 4.51138
34 1.34 1.34075 4.99304
35 1.38 1.23276 5.46274
36 1.42 1.13544 5.9208
37 1.46 1.05903 6.37244
38 1.5 1.01263 6.82828
39 1.54 0.971295 7.28914
40 1.58 0.935715 7.75648
41 1.62 0.935179 8.2475
42 1.66 0.920512 8.75498
43 1.7 0.933051 9.29446
44 1.74 0.948628 9.86906
45 1.78 0.962572 10.4792
46 1.82 0.991681 11.1364
47 1.86 1.00823 11.8342
48 1.9 1.04152 12.5865
49 1.94 1.08351 13.4023
50 1.98 1.12285 14.283
51 2.02 1.14923 15.2211
52 2.06 1.17835 16.2215
53 2.1 1.19774 17.2783
54 2.14 1.2067 18.3839
55 2.18 1.19789 19.5228
56 2.22 1.18941 20.6955
57 2.26 1.17489 21.8961
58 2.3 1.14422 23.107
59 2.34 1.13633 24.3518
60 2.38 1.09955 25.5979
61 2.42 1.08443 26.8684
62 2.46 1.0691 28.1628
63 2.5 1.04629 29.471
64 2.54 1.04749 30.823
65 2.58 1.03119 32.1962
66 2.62 1.02083 33.5981
67 2.66 1.02416 35.0479
68 2.7 1.02347 36.5405
69 2.74 1.01993 38.0724
70 2.78 1.02148 39.6518
71 2.82 1.02929 41.2894
72 2.86 1.02686 42.9697
73 2.9 1.03457 44.7104
74 2.94 1.03583 46.5016
75 2.98 1.0405 48.3501
76 3.02 1.04913 50.2644
77 3.06 1.04394 52.22
78 3.1 1.04791 54.2347
79 3.14 1.04743 56.3007
80 3.18 1.04305 58.4109
81 3.22 1.04368 60.5758
82 3.26 1.03445 62.7752
83 3.3 1.03035 65.0199
84 3.34 1.02785 67.3139
85 3.38 1.02293 69.6518
86 3.42 1.02534 72.0511
87 3.46 1.01138 74.4734
88 3.5 1.01093 76.9509
89 3.54 1.00576 79.4723
90 3.58 1.00034 82.0372
91 3.62 1.00375 84.6687
92 3.66 0.999283 87.3467
93 3.7 0.994568 90.0706
94 3.74 0.993699 92.8513
95 3.78 0.995805 95.6978
96 3.82 0.997675 98.6104
97 3.86 0.991766 101.567
98 3.9 0.995858 104.597
99 3.94 0.995325 107.688
100 3.98 0.997596 110.849
300000 100
1 0.02 0 0
2 0.06 0 0
3 0.1 0 0
4 0.14 0 0
5 0.18 0 0
6 0.22 0 0
7 0.26 0 0
8 0.3 0 0
9 0.34 0 0
10 0.38 0 0
11 0.42 0 0
12 0.46 0 0
13 0.5 0 0
14 0.54 0 0
15 0.58 0 0
16 0.62 0 0
17 0.66 0 0
18 0.7 0 0
19 0.74 0 0
20 0.78 0 0
21 0.82 0 0
22 0.86 0 0
23 0.9 0.00296164 0.00048
24 0.94 0.104188 0.0189
25 0.98 0.644877 0.14282
26 1.02 1.5677 0.46916
27 1.06 2.2934 0.98474
28 1.1 2.54058 1.5998
29 1.14 2.46481 2.2407
30 1.18 2.2241 2.8603
31 1.22 1.93505 3.43654
32 1.26 1.71083 3.97996
33 1.3 1.51851 4.4934
34 1.34 1.36173 4.9826
35 1.38 1.23135 5.45176
36 1.42 1.14124 5.91216
37 1.46 1.06817 6.3677
38 1.5 1.0053 6.82024
39 1.54 0.97277 7.2818
40 1.58 0.94957 7.75606
41 1.62 0.93217 8.2455
42 1.66 0.926426 8.75624
43 1.7 0.922777 9.28978
44 1.74 0.939217 9.85868
45 1.78 0.960995 10.4678
46 1.82 0.989387 11.1235
47 1.86 1.01916 11.8289
48 1.9 1.03618 12.5773
49 1.94 1.08497 13.3942
50 1.98 1.1166 14.27
51 2.02 1.1545 15.2124
52 2.06 1.17328 16.2085
53 2.1 1.19831 17.2658
54 2.14 1.19735 18.3628
55 2.18 1.20348 19.507
56 2.22 1.19176 20.6821
57 2.26 1.17806 21.8859
58 2.3 1.15282 23.1059
59 2.34 1.12905 24.3428
60 2.38 1.10391 25.5937
61 2.42 1.0887 26.8693
62 2.46 1.06564 28.1595
63 2.5 1.05027 29.4727
64 2.54 1.04361 30.8197
65 2.58 1.03417 32.1969
66 2.62 1.02619 33.6061
67 2.66 1.02037 35.0505
68 2.7 1.0151 36.531
69 2.74 1.01724 38.0588
70 2.78 1.01973 39.6355
71 2.82 1.02795 41.2709
72 2.86 1.03075 42.9576
73 2.9 1.03277 44.6953
74 2.94 1.04036 46.4943
75 2.98 1.03948 48.341
76 3.02 1.04374 50.2454
77 3.06 1.04626 52.2054
78 3.1 1.04888 54.2219
79 3.14 1.0457 56.2846
80 3.18 1.04247 58.3936
81 3.22 1.04211 60.5552
82 3.26 1.03609 62.7581
83 3.3 1.03544 65.0139
84 3.34 1.02803 67.3083
85 3.38 1.02737 69.6564
86 3.42 1.02006 72.0433
87 3.46 1.01466 74.4734
88 3.5 1.01393 76.9583
89 3.54 1.00045 79.4664
90 3.58 1.00266 82.0373
91 3.62 1.00013 84.6593
92 3.66 0.995194 87.3263
93 3.7 0.991545 90.0419
94 3.74 0.997922 92.8344
95 3.78 0.993133 95.6733
96 3.82 0.994989 98.578
97 3.86 0.991437 101.533
98 3.9 0.995241 104.562
99 3.94 0.990508 107.638
100 3.98 0.997217 110.798
350000 100
1 0.02 0 0
2 0.06 0 0
3 0.1 0 0
4 0.14 0 0
5 0.18 0 0
6 0.22 0 0
7 0.26 0 0
8 0.3 0 0
9 0.34 0 0
10 0.38 0 0
11 0.42 0 0
12 0.46 0 0
13 0.5 0 0
14 0.54 0 0
15 0.58 0 0
16 0.62 0 0
17 0.66 0 0
18 0.7 0 0
19 0.74 0 0
20 0.78 0 0
21 0.82 0 0
22 0.86 0 0
23 0.9 0.00370205 0.0006
24 0.94 0.110296 0.0201
25 0.98 0.633428 0.14182
26 1.02 1.58979 0.47276
27 1.06 2.31049 0.99218
28 1.1 2.55892 1.61168
29 1.14 2.43458 2.24472
30 1.18 2.2172 2.8624
31 1.22 1.95379 3.44422
32 1.26 1.70673 3.98634
33 1.3 1.51372 4.49816
34 1.34 1.36268 4.9877
35 1.38 1.2251 5.45448
36 1.42 1.14372 5.91588
37 1.46 1.07854 6.37584
38 1.5 1.00908 6.83008
39 1.54 0.964677 7.2878
40 1.58 0.944084 7.75932
41 1.62 0.941236 8.25352
42 1.66 0.929654 8.76604
43 1.7 0.93184 9.30482
44 1.74 0.950246 9.8804
45 1.78 0.959796 10.4888
46 1.82 0.980394 11.1385
47 1.86 1.02158 11.8456
48 1.9 1.04211 12.5982
49 1.94 1.08333 13.4139
50 1.98 1.11227 14.2863
51 2.02 1.1494 15.2246
52 2.06 1.18051 16.2268
53 2.1 1.19697 17.2829
54 2.14 1.20148 18.3837
55 2.18 1.19601 19.5208
56 2.22 1.18827 20.6925
57 2.26 1.17602 21.8942
58 2.3 1.14473 23.1057
59 2.34 1.13179 24.3455
60 2.38 1.10561 25.5984
61 2.42 1.08527 26.8699
62 2.46 1.06138 28.1549
63 2.5 1.05774 29.4775
64 2.54 1.0548 30.8389
65 2.58 1.03474 32.2169
66 2.62 1.02376 33.6228
67 2.66 1.02857 35.0788
68 2.7 1.02144 36.5685
69 2.74 1.01339 38.0906
70 2.78 1.02163 39.6701
71 2.82 1.02488 41.3007
72 2.86 1.02853 42.9838
73 2.9 1.03519 44.7255
74 2.94 1.04068 46.5251
75 2.98 1.04259 48.3773
76 3.02 1.04575 50.2854
77 3.06 1.04468 52.2424
78 3.1 1.04407 54.2497
79 3.14 1.04642 56.3138
80 3.18 1.04038 58.4185
81 3.22 1.04259 60.5812
82 3.26 1.0396 62.7915
83 3.3 1.03173 65.0393
84 3.34 1.03555 67.3504
85 3.38 1.02431 69.6915
86 3.42 1.01569 72.0682
87 3.46 1.01283 74.4939
88 3.5 1.00973 76.9685
89 3.54 1.00309 79.4833
90 3.58 1.00373 82.0569
91 3.62 1.00457 84.6905
92 3.66 0.997231 87.363
93 3.7 0.993363 90.0836
94 3.74 0.995228 92.8686
95 3.78 0.994987 95.7128
96 3.82 0.988967 98.5999
97 3.86 0.996724 101.571
98 3.9 0.99578 104.601
99 3.94 0.99859 107.702
100 3.98 0.990793 110.842
400000 100
1 0.02 0 0
2 0.06 0 0
3 0.1 0 0
4 0.14 0 0
5 0.18 0 0
6 0.22 0 0
7 0.26 0 0
8 0.3 0 0
9 0.34 0 0
10 0.38 0 0
11 0.42 0 0
12 0.46 0 0
13 0.5 0 0
14 0.54 0 0
15 0.58 0 0
16 0.62 0 0
17 0.66 0 0
18 0.7 0 0
19 0.74 0 0
20 0.78 0 0
21 0.82 0 0
22 0.86 0 0
23 0.9 0.00345525 0.00056
24 0.94 0.111993 0.02036
25 0.98 0.650601 0.14538
26 1.02 1.57779 0.47382
27 1.06 2.31671 0.99464
28 1.1 2.53446 1.60822
29 1.14 2.45827 2.24742
30 1.18 2.23508 2.87008
31 1.22 1.94761 3.45006
32 1.26 1.73664 4.00168
33 1.3 1.54341 4.52354
34 1.34 1.35572 5.01058
35 1.38 1.2356 5.48136
36 1.42 1.14709 5.94412
37 1.46 1.06602 6.39874
38 1.5 1.02738 6.86122
39 1.54 0.972896 7.32284
40 1.58 0.955136 7.79988
41 1.62 0.934646 8.29062
42 1.66 0.928639 8.80258
43 1.7 0.937721 9.34476
44 1.74 0.943345 9.91616
45 1.78 0.964181 10.5273
46 1.82 0.992224 11.1849
47 1.86 1.02095 11.8915
48 1.9 1.05498 12.6535
49 1.94 1.09533 13.4782
50 1.98 1.1319 14.366
51 2.02 1.15621 15.3098
52 2.06 1.18551 16.3163
53 2.1 1.1967 17.3721
54 2.14 1.20357 18.4749
55 2.18 1.21284 19.628
56 2.22 1.20057 20.8117
57 2.26 1.18481 22.0224
58 2.3 1.14812 23.2375
59 2.34 1.13622 24.4822
60 2.38 1.11679 25.7478
61 2.42 1.09676 27.0328
62 2.46 1.07222 28.3309
63 2.5 1.064 29.6613
64 2.54 1.04507 31.0102
65 2.58 1.04515 32.402
66 2.62 1.02859 33.8145
67 2.66 1.02721 35.2686
68 2.7 1.02877 36.769
69 2.74 1.02809 38.3131
70 2.78 1.02718 39.9013
71 2.82 1.02909 41.5385
72 2.86 1.03846 43.2379
73 2.9 1.04296 44.9927
74 2.94 1.03996 46.791
75 2.98 1.04327 48.6445
76 3.02 1.04639 50.5537
77 3.06 1.05065 52.5219
78 3.1 1.05604 54.5522
79 3.14 1.04687 56.6172
80 3.18 1.04943 58.7402
81 3.22 1.0459 60.9097
82 3.26 1.0414 63.1239
83 3.3 1.03929 65.3881
84 3.34 1.03108 67.6893
85 3.38 1.02765 70.038
86 3.42 1.02282 72.4314
87 3.46 1.01803 74.8696
88 3.5 1.02297 77.3766
89 3.54 1.0098 79.9082
90 3.58 1.00557 82.4865
91 3.62 1.00007 85.1083
92 3.66 1.00332 87.7971
93 3.7 1.00473 90.5489
94 3.74 0.997637 93.3406
95 3.78 0.998968 96.1962
96 3.82 0.996414 99.105
97 3.86 0.99975 102.085
98 3.9 0.992881 105.106
99 3.94 0.995434 108.198
100 3.98 0.992888 111.344
450000 100
1 0.02 0 0
2 0.06 0 0
3 0.1 0 0
4 0.14 0 0
5 0.18 0 0
6 0.22 0 0
7 0.26 0 0
8 0.3 0 0
9 0.34 0 0
10 0.38 0 0
11 0.42 0 0
12 0.46 0 0
13 0.5 0 0
14 0.54 0 0
15 0.58 0 0
16 0.62 0 0
17 0.66 0 0
18 0.7 0 0
19 0.74 0 0
20 0.78 0 0
21 0.82 0 0
22 0.86 0 0
23 0.9 0.00271484 0.00044
24 0.94 0.10679 0.01932
25 0.98 0.643836 0.14304
26 1.02 1.58076 0.4721
27 1.06 2.2894 0.98678
28 1.1 2.55437 1.60518
29 1.14 2.44074 2.23982
30 1.18 2.2312 2.8614
31 1.22 1.95278 3.44292
32 1.26 1.70787 3.9854
33 1.3 1.52513 4.50108
34 1.34 1.3437 4.9838
35 1.38 1.22515 5.4506
36 1.42 1.134 5.90808
37 1.46 1.06719 6.3632
38 1.5 1.01814 6.82152
39 1.54 0.970831 7.28216
40 1.58 0.953294 7.75828
41 1.62 0.932703 8.248
42 1.66 0.924285 8.75756
43 1.7 0.927758 9.29398
44 1.74 0.942354 9.86478
45 1.78 0.959385 10.4729
46 1.82 0.978492 11.1214
47 1.86 1.02049 11.8277
48 1.9 1.04604 12.5832
49 1.94 1.07666 13.3938
50 1.98 1.11515 14.2685
51 2.02 1.15009 15.2073
52 2.06 1.17646 16.2061
53 2.1 1.1916 17.2575
54 2.14 1.20521 18.3617
55 2.18 1.19852 19.5012
56 2.22 1.18253 20.6672
57 2.26 1.17271 21.8655
58 2.3 1.15602 23.0889
59 2.34 1.12446 24.3207
60 2.38 1.09413 25.5606
61 2.42 1.08349 26.8301
62 2.46 1.0721 28.1281
63 2.5 1.0572 29.45
64 2.54 1.03916 30.7912
65 2.58 1.0352 32.1698
66 2.62 1.03209 33.5871
67 2.66 1.02219 35.0341
68 2.7 1.01435 36.5135
69 2.74 1.01974 38.0451
70 2.78 1.01866 39.6201
71 2.82 1.02599 41.2524
72 2.86 1.02725 42.9334
73 2.9 1.03483 44.6745
74 2.94 1.03714 46.4679
75 2.98 1.04759 48.3291
76 3.02 1.04258 50.2314
77 3.06 1.04814 52.1949
78 3.1 1.0486 54.2109
79 3.14 1.04453 56.2712
80 3.18 1.04648 58.3883
81 3.22 1.04027 60.5461
82 3.26 1.03443 62.7455
83 3.3 1.03309 64.9962
84 3.34 1.03408 67.304
85 3.38 1.02641 69.6499
86 3.42 1.02091 72.0388
87 3.46 1.01306 74.4651
88 3.5 1.00834 76.9363
89 3.54 1.0057 79.4576
90 3.58 1.00587 82.0367
91 3.62 1.00442 84.67
92 3.66 0.998045 87.3446
93 3.7 0.998862 90.0803
94 3.74 0.996565 92.869
95 3.78 0.997184 95.7195
96 3.82 0.997791 98.6324
97 3.86 0.997207 101.605
98 3.9 0.993689 104.628
99 3.94 0.996014 107.722
100 3.98 0.994971 110.875
500000 100
1 0.02 0 0
2 0.06 0 0
3 0.1 0 0
4 0.14 0 0
5 0.18 0 0
6 0.22 0 0
7 0.26 0 0
8 0.3 0 0
9 0.34 0 0
10 0.38 0 0
11 0.42 0 0
12 0.46 0 0
13 0.5 0 0
14 0.54 0 0
15 0.58 0 0
16 0.62 0 0
17 0.66 0 0
18 0.7 0 0
19 0.74 0 0
20 0.78 0 0
21 0.82 0 0
22 0.86 0 0
23 0.9 0.00283824 0.00046
24 0.94 0.101586 0.01842
25 0.98 0.647271 0.1428
26 1.02 1.58336 0.4724
27 1.06 2.2886 0.9869
28 1.1 2.55288 1.60494
29 1.14 2.46274 2.2453
30 1.18 2.19509 2.85682
31 1.22 1.94922 3.43728
32 1.26 1.71826 3.98306
33 1.3 1.50597 4.49226
34 1.34 1.35377 4.9786
35 1.38 1.23108 5.44766
36 1.42 1.13628 5.90606
37 1.46 1.06953 6.36218
38 1.5 1.00135 6.81294
39 1.54 0.984193 7.27992
40 1.58 0.946647 7.75272
41 1.62 0.928894 8.24044
42 1.66 0.926933 8.75146
43 1.7 0.920944 9.28394
44 1.74 0.944666 9.85614
45 1.78 0.966579 10.4688
46 1.82 0.982536 11.12
47 1.86 1.01017 11.8191
48 1.9 1.04939 12.577
49 1.94 1.07974 13.39
50 1.98 1.12211 14.2701
51 2.02 1.15568 15.2136
52 2.06 1.17547 16.2115
53 2.1 1.19115 17.2624
54 2.14 1.2056 18.367
55 2.18 1.19782 19.5059
56 2.22 1.19097 20.6802
57 2.26 1.16432 21.8699
58 2.3 1.14946 23.0864
59 2.34 1.12195 24.3154
60 2.38 1.09629 25.5578
61 2.42 1.08006 26.8232
62 2.46 1.06163 28.1085
63 2.5 1.05549 29.4283
64 2.54 1.0442 30.776
65 2.58 1.03445 32.1536
66 2.62 1.02663 33.5635
67 2.66 1.02403 35.013
68 2.7 1.01978 36.5003
69 2.74 1.01722 38.0281
70 2.78 1.02302 39.6099
71 2.82 1.02546 41.2413
72 2.86 1.03079 42.9281
73 2.9 1.03582 44.6709
74 2.94 1.03098 46.4537
75 2.98 1.04495 48.3102
76 3.02 1.04491 50.2167
77 3.06 1.04385 52.1721
78 3.1 1.04399 54.1793
79 3.14 1.04335 56.2373
80 3.18 1.04418 58.3497
81 3.22 1.03803 60.5029
82 3.26 1.02966 62.6921
83 3.3 1.03573 64.9486
84 3.34 1.02538 67.237
85 3.38 1.02731 69.585
86 3.42 1.01712 71.965
87 3.46 1.01974 74.4073
88 3.5 1.01268 76.8891
89 3.54 1.00643 79.4123
90 3.58 1.00672 81.9935
91 3.62 0.996047 84.6048
92 3.66 1.00104 87.2875
93 3.7 0.998212 90.0214
94 3.74 0.996765 92.8107
95 3.78 0.996239 95.6584
96 3.82 0.993174 98.5578
97 3.86 0.992564 101.516
98 3.9 0.993959 104.541
99 3.94 0.993199 107.625
100 3.98 0.988798 110.759
550000 100
1 0.02 0 0
2 0.06 0 0
3 0.1 0 0
4 0.14 0 0
5 0.18 0 0
6 0.22 0 0
7 0.26 0 0
8 0.3 0 0
9 0.34 0 0
10 0.38 0 0
11 0.42 0 0
12 0.46 0 0
13 0.5 0 0
14 0.54 0 0
15 0.58 0 0
16 0.62 0 0
17 0.66 0 0
18 0.7 0 0
19 0.74 0 0
20 0.78 0 0
21 0.82 0 0
22 0.86 0 0
23 0.9 0.00333185 0.00054
24 0.94 0.106337 0.01934
25 0.98 0.639257 0.14218
26 1.02 1.58999 0.47316
27 1.06 2.30737 0.99188
28 1.1 2.54619 1.6083
29 1.14 2.46912 2.25032
30 1.18 2.21462 2.86728
31 1.22 1.95211 3.4486
32 1.26 1.68602 3.98414
33 1.3 1.51354 4.4959
34 1.34 1.35873 4.98402
35 1.38 1.23108 5.45308
36 1.42 1.12493 5.9069
37 1.46 1.06217 6.35988
38 1.5 1.0137 6.8162
39 1.54 0.988661 7.2853
40 1.58 0.946206 7.75788
41 1.62 0.932932 8.24772
42 1.66 0.935531 8.76348
43 1.7 0.935438 9.30434
44 1.74 0.934496 9.87038
45 1.78 0.970113 10.4853
46 1.82 0.988059 11.1401
47 1.86 1.0139 11.8419
48 1.9 1.05088 12.6008
49 1.94 1.08731 13.4195
50 1.98 1.11566 14.2946
51 2.02 1.15043 15.2337
52 2.06 1.17997 16.2355
53 2.1 1.2013 17.2954
54 2.14 1.20521 18.3996
55 2.18 1.20081 19.5413
56 2.22 1.18576 20.7104
57 2.26 1.17142 21.9074
58 2.3 1.14594 23.1202
59 2.34 1.13084 24.359
60 2.38 1.10202 25.6078
61 2.42 1.08218 26.8758
62 2.46 1.06653 28.167
63 2.5 1.05982 29.4922
64 2.54 1.04113 30.836
65 2.58 1.0346 32.2137
66 2.62 1.01865 33.6126
67 2.66 1.02968 35.0702
68 2.7 1.02396 36.5636
69 2.74 1.02563 38.104
70 2.78 1.01881 39.6793
71 2.82 1.02831 41.3153
72 2.86 1.02889 42.9989
73 2.9 1.03948 44.7479
74 2.94 1.03949 46.5454
75 2.98 1.03889 48.3911
76 3.02 1.04729 50.302
77 3.06 1.04946 52.2679
78 3.1 1.04665 54.2802
79 3.14 1.04486 56.3411
80 3.18 1.03786 58.4408
81 3.22 1.04532 60.6091
82 3.26 1.03591 62.8116
83 3.3 1.03365 65.0635
84 3.34 1.02815 67.3581
85 3.38 1.02643 69.7041
86 3.42 1.02284 72.0975
87 3.46 1.01391 74.5259
88 3.5 1.01121 77.004
89 3.54 1.00769 79.5304
90 3.58 1.00118 82.0974
91 3.62 1.00597 84.7347
92 3.66 1.00157 87.4189
93 3.7 0.99524 90.1446
94 3.74 0.998752 92.9395
95 3.78 0.996001 95.7865
96 3.82 0.999854 98.7054
97 3.86 0.995926 101.674
98 3.9 0.993952 104.699
99 3.94 0.996741 107.794
100 3.98 0.994977 110.947
600000 100
1 0.02 0 0
2 0.06 0 0
3 0.1 0 0
4 0.14 0 0
5 0.18 0 0
6 0.22 0 0
7 0.26 0 0
8 0.3 0 0
9 0.34 0 0
10 0.38 0 0
11 0.42 0 0
12 0.46 0 0
13 0.5 0 0
14 0.54 0 0
15 0.58 0 0
16 0.62 0 0
17 0.66 0 0
18 0.7 0 0
19 0.74 0 0
20 0.78 0 0
21 0.82 0 0
22 0.86 0 0
23 0.9 0.00382545 0.00062
24 0.94 0.111088 0.02026
25 0.98 0.654556 0.14604
26 1.02 1.60622 0.4804
27 1.06 2.31093 0.99992
28 1.1 2.56858 1.62176
29 1.14 2.45881 2.2611
30 1.18 2.23731 2.88438
31 1.22 1.94472 3.4635
32 1.26 1.69005 4.00032
33 1.3 1.50153 4.50802
34 1.34 1.36496 4.99838
35 1.38 1.2251 5.46516
36 1.42 1.14387 5.92662
37 1.46 1.07371 6.38452
38 1.5 1.01774 6.84266
39 1.54 0.981453 7.30834
40 1.58 0.954856 7.78524
41 1.62 0.938455 8.27798
42 1.66 0.933246 8.79248
43 1.7 0.936199 9.33378
44 1.74 0.942519 9.90468
45 1.78 0.963172 10.5152
46 1.82 0.987335 11.1695
47 1.86 1.00797 11.8672
48 1.9 1.05908 12.6321
49 1.94 1.09924 13.4598
50 1.98 1.12065 14.3387
51 2.02 1.15631 15.2827
52 2.06 1.17276 16.2783
53 2.1 1.20266 17.3394
54 2.14 1.20892 18.447
55 2.18 1.20243 19.5903
56 2.22 1.19387 20.7674
57 2.26 1.17436 21.9674
58 2.3 1.15934 23.1944
59 2.34 1.13602 24.4388
60 2.38 1.116 25.7035
61 2.42 1.08407 26.9736
62 2.46 1.07603 28.2764
63 2.5 1.05224 29.5921
64 2.54 1.0425 30.9376
65 2.58 1.04159 32.3247
66 2.62 1.02851 33.7371
67 2.66 1.02688 35.1907
68 2.7 1.01858 36.6763
69 2.74 1.02404 38.2144
70 2.78 1.0337 39.8126
71 2.82 1.02968 41.4508
72 2.86 1.03441 43.1435
73 2.9 1.03799 44.8899
74 2.94 1.03896 46.6865
75 2.98 1.04383 48.541
76 3.02 1.04792 50.4531
77 3.06 1.04968 52.4194
78 3.1 1.04974 54.4376
79 3.14 1.05219 56.513
80 3.18 1.05197 58.6413
81 3.22 1.04088 60.8003
82 3.26 1.04229 63.0164
83 3.3 1.03905 65.2801
84 3.34 1.03088 67.5808
85 3.38 1.0285 69.9315
86 3.42 1.01877 72.3154
87 3.46 1.01754 74.7524
88 3.5 1.00756 77.2217
89 3.54 1.00968 79.753
90 3.58 1.01169 82.347
91 3.62 0.999686 84.9678
92 3.66 0.99847 87.6436
93 3.7 1.00121 90.3857
94 3.74 0.998816 93.1807
95 3.78 0.99768 96.0326
96 3.82 0.999031 98.9491
97 3.86 0.994725 101.914
98 3.9 0.996062 104.945
99 3.94 0.998596 108.046
100 3.98 0.992648 111.192
650000 100
1 0.02 0 0
2 0.06 0 0
3 0.1 0 0
4 0.14 0 0
5 0.18 0 0
6 0.22 0 0
7 0.26 0 0
8 0.3 0 0
9 0.34 0 0
10 0.38 0 0
11 0.42 0 0
12 0.46 0 0
13 0.5 0 0
14 0.54 0 0
15 0.58 0 0
16 0.62 0 0
17 0.66 0 0
18 0.7 0 0
19 0.74 0 0
20 0.78 0 0
21 0.82 0 0
22 0.86 0 0
23 0.9 0.00308504 0.0005
24 0.94 0.107355 0.01948
25 0.98 0.644981 0.14342
26 1.02 1.59181 0.47478
27 1.06 2.30524 0.99302
28 1.1 2.55437 1.61142
29 1.14 2.46158 2.25148
30 1.18 2.21699 2.8691
31 1.22 1.93196 3.44442
32 1.26 1.72638 3.99278
33 1.3 1.51673 4.50562
34 1.34 1.35322 4.99176
35 1.38 1.223 5.45774
36 1.42 1.14407 5.91928
37 1.46 1.06484 6.3734
38 1.5 0.997438 6.8224
39 1.54 0.970578 7.28292
40 1.58 0.961063 7.76292
41 1.62 0.936855 8.25482
42 1.66 0.925083 8.76482
43 1.7 0.936233 9.30614
44 1.74 0.940934 9.87608
45 1.78 0.967747 10.4895
46 1.82 0.982325 11.1405
47 1.86 1.01667 11.8442
48 1.9 1.0436 12.5979
49 1.94 1.07727 13.409
50 1.98 1.11742 14.2855
51 2.02 1.168 15.2389
52 2.06 1.18315 16.2434
53 2.1 1.20441 17.306
54 2.14 1.19109 18.3973
55 2.18 1.19982 19.5381
56 2.22 1.18138 20.7029
57 2.26 1.1736 21.9021
58 2.3 1.14991 23.1191
59 2.34 1.13076 24.3578
60 2.38 1.10495 25.61
61 2.42 1.09066 26.8878
62 2.46 1.07 28.1833
63 2.5 1.05672 29.5046
64 2.54 1.04243 30.85
65 2.58 1.03281 32.2254
66 2.62 1.02736 33.6363
67 2.66 1.02392 35.0857
68 2.7 1.02621 36.5823
69 2.74 1.01426 38.1057
70 2.78 1.02022 39.6831
71 2.82 1.02873 41.3198
72 2.86 1.0289 43.0035
73 2.9 1.03842 44.7506
74 2.94 1.0397 46.5485
75 2.98 1.04419 48.4036
76 3.02 1.04605 50.3123
77 3.06 1.04738 52.2743
78 3.1 1.04979 54.2926
79 3.14 1.04075 56.3455
80 3.18 1.04585 58.4613
81 3.22 1.04411 60.6271
82 3.26 1.0404 62.8391
83 3.3 1.0363 65.0968
84 3.34 1.02626 67.3872
85 3.38 1.02218 69.7235
86 3.42 1.01854 72.1068
87 3.46 1.01834 74.5457
88 3.5 1.00823 77.0166
89 3.54 1.01472 79.5606
90 3.58 1.00352 82.1336
91 3.62 1.00454 84.7672
92 3.66 0.992798 87.4278
93 3.7 0.999556 90.1654
94 3.74 0.996243 92.9532
95 3.78 0.993419 95.7929
96 3.82 0.99366 98.6937
97 3.86 0.997006 101.666
98 3.9 0.996503 104.698
99 3.94 0.995267 107.789
100 3.98 0.993027 110.936
700000 100
1 0.02 0 0
2 0.06 0 0
3 0.1 0 0
4 0.14 0 0
5 0.18 0 0
6 0.22 0 0
7 0.26 0 0
8 0.3 0 0
9 0.34 0 0
10 0.38 0 0
11 0.42 0 0
12 0.46 0 0
13 0.5 0 0
14 0.54 0 0
15 0.58 0 0
16 0.62 0 0
17 0.66 0 0
18 0.7 0 0
19 0.74 0 0
20 0.78 0 0
21 0.82 0 0
22 0.86 0 0
23 0.9 0.00296164 0.00048
24 0.94 0.107921 0.01956
25 0.98 0.633844 0.14136
26 1.02 1.55617 0.4653
27 1.06 2.29421 0.98106
28 1.1 2.54966 1.59832
29 1.14 2.45104 2.23564
30 1.18 2.19516 2.84718
31 1.22 1.93176 3.42244
32 1.26 1.70214 3.9631
33 1.3 1.52075 4.4773
34 1.34 1.33206 4.95584
35 1.38 1.22704 5.42336
36 1.42 1.12186 5.87594
37 1.46 1.05753 6.32694
38 1.5 1.00686 6.78018
39 1.54 0.977955 7.2442
40 1.58 0.952653 7.72
41 1.62 0.928742 8.20764
42 1.66 0.925156 8.71768
43 1.7 0.924542 9.25224
44 1.74 0.932845 9.81728
45 1.78 0.954905 10.4226
46 1.82 0.978221 11.0708
47 1.86 1.0132 11.7721
48 1.9 1.04133 12.5242
49 1.94 1.07812 13.336
50 1.98 1.11637 14.2116
51 2.02 1.14338 15.145
52 2.06 1.16603 16.1349
53 2.1 1.1885 17.1835
54 2.14 1.1991 18.2821
55 2.18 1.19393 19.4173
56 2.22 1.18655 20.5872
57 2.26 1.15852 21.771
58 2.3 1.14233 22.98
59 2.34 1.12651 24.214
60 2.38 1.10236 25.4632
61 2.42 1.08696 26.7367
62 2.46 1.05606 28.0153
63 2.5 1.04693 29.3244
64 2.54 1.04476 30.6728
65 2.58 1.0219 32.0337
66 2.62 1.0231 33.4387
67 2.66 1.01275 34.8723
68 2.7 1.02078 36.361
69 2.74 1.01933 37.892
70 2.78 1.01657 39.4638
71 2.82 1.0232 41.0917
72 2.86 1.02583 42.7703
73 2.9 1.02494 44.4948
74 2.94 1.03254 46.2803
75 2.98 1.03886 48.1259
76 3.02 1.04639 50.0352
77 3.06 1.03907 51.9817
78 3.1 1.04395 53.9887
79 3.14 1.04531 56.0506
80 3.18 1.04443 58.1636
81 3.22 1.03786 60.3164
82 3.26 1.03422 62.5153
83 3.3 1.03035 64.76
84 3.34 1.0241 67.0456
85 3.38 1.01996 69.3768
86 3.42 1.0136 71.7486
87 3.46 1.01237 74.1732
88 3.5 1.00544 76.6373
89 3.54 1.00545 79.158
90 3.58 0.999888 81.7217
91 3.62 1.00033 84.3442
92 3.66 0.992044 87.0028
93 3.7 0.996394 89.7317
94 3.74 0.996493 92.5203
95 3.78 0.998135 95.3734
96 3.82 0.99627 98.2819
97 3.86 0.996093 101.251
98 3.9 0.995168 104.279
99 3.94 0.988395 107.349
100 3.98 0.990692 110.488
750000 100
1 0.02 0 0
2 0.06 0 0
3 0.1 0 0
4 0.14 0 0
5 0.18 0 0
6 0.22 0 0
7 0.26 0 0
8 0.3 0 0
9 0.34 0 0
10 0.38 0 0
11 0.42 0 0
12 0.46 0 0
13 0.5 0 0
14 0.54 0 0
15 0.58 0 0
16 0.62 0 0
17 0.66 0 0
18 0.7 0 0
19 0.74 0 0
20 0.78 0 0
21 0.82 0 0
22 0.86 0 0
23 0.9 0.00357865 0.00058
24 0.94 0.105771 0.01928
25 0.98 0.644981 0.14322
26 1.02 1.57394 0.47086
27 1.06 2.30755 0.98962
28 1.1 2.55206 1.60746
29 1.14 2.45735 2.24642
30 1.18 2.22984 2.86762
31 1.22 1.94895 3.448
32 1.26 1.71605 3.99308
33 1.3 1.5175 4.50618
34 1.34 1.357 4.99368
35 1.38 1.23534 5.46436
36 1.42 1.13559 5.92248
37 1.46 1.06972 6.37868
38 1.5 1.01659 6.8363
39 1.54 0.971548 7.29728
40 1.58 0.947648 7.77058
41 1.62 0.946721 8.26766
42 1.66 0.923523 8.7768
43 1.7 0.932913 9.3162
44 1.74 0.934694 9.88236
45 1.78 0.961026 10.4915
46 1.82 0.987637 11.146
47 1.86 1.01346 11.8475
48 1.9 1.05911 12.6124
49 1.94 1.0811 13.4264
50 1.98 1.12601 14.3096
51 2.02 1.15754 15.2545
52 2.06 1.17955 16.256
53 2.1 1.18693 17.3032
54 2.14 1.20102 18.4035
55 2.18 1.19654 19.5412
56 2.22 1.18868 20.7132
57 2.26 1.17475 21.9136
58 2.3 1.15895 23.1401
59 2.34 1.12868 24.3766
60 2.38 1.10393 25.6276
61 2.42 1.083 26.8964
62 2.46 1.0703 28.1922
63 2.5 1.05795 29.5151
64 2.54 1.03701 30.8536
65 2.58 1.03125 32.2269
66 2.62 1.02086 33.6288
67 2.66 1.02783 35.0837
68 2.7 1.03038 36.5865
69 2.74 1.02174 38.1211
70 2.78 1.02076 39.6993
71 2.82 1.02741 41.3339
72 2.86 1.02976 43.019
73 2.9 1.02943 44.751
74 2.94 1.03985 46.5492
75 2.98 1.04692 48.4091
76 3.02 1.03968 50.3061
77 3.06 1.0485 52.2703
78 3.1 1.05291 54.2946
79 3.14 1.04428 56.3544
80 3.18 1.04739 58.4733
81 3.22 1.04508 60.6411
82 3.26 1.03413 62.8399
83 3.3 1.0329 65.0902
84 3.34 1.0317 67.3927
85 3.38 1.02704 69.74
86 3.42 1.01446 72.1138
87 3.46 1.01231 74.5383
88 3.5 1.01153 77.0173
89 3.54 1.01083 79.5515
90 3.58 1.00121 82.1187
91 3.62 0.99597 84.7297
92 3.66 1.00113 87.4127
93 3.7 0.998993 90.1487
94 3.74 0.993598 92.9291
95 3.78 0.996995 95.779
96 3.82 1.00097 98.7012
97 3.86 0.994704 101.666
98 3.9 0.996121 104.697
99 3.94 0.993315 107.782
100 3.98 0.993917 110.932
800000 100
1 0.02 0 0
2 0.06 0 0
3 0.1 0 0
4 0.14 0 0
5 0.18 0 0
6 0.22 0 0
7 0.26 0 0
8 0.3 0 0
9 0.34 0 0
10 0.38 0 0
11 0.42 0 0
12 0.46 0 0
13 0.5 0 0
14 0.54 0 0
15 0.58 0 0
16 0.62 0 0
17 0.66 0 0
18 0.7 0 0
19 0.74 0 0
20 0.78 0 0
21 0.82 0 0
22 0.86 0 0
23 0.9 0.00345525 0.00056
24 0.94 0.103848 0.01892
25 0.98 0.633949 0.14074
26 1.02 1.58499 0.47068
27 1.06 2.28753 0.98494
28 1.1 2.57726 1.60888
29 1.14 2.45058 2.24608
30 1.18 2.25009 2.87292
31 1.22 1.94882 3.45326
32 1.26 1.7017 3.99378
33 1.3 1.51525 4.50612
34 1.34 1.34915 4.9908
35 1.38 1.24053 5.46346
36 1.42 1.14129 5.92388
37 1.46 1.06255 6.37702
38 1.5 1.01765 6.83512
39 1.54 0.978671 7.29948
40 1.58 0.944004 7.77096
41 1.62 0.929428 8.25896
42 1.66 0.929038 8.77114
43 1.7 0.936337 9.31252
44 1.74 0.93826 9.88084
45 1.78 0.961089 10.4901
46 1.82 0.989749 11.146
47 1.86 1.01716 11.85
48 1.9 1.039 12.6004
49 1.94 1.07804 13.4121
50 1.98 1.11734 14.2885
51 2.02 1.14671 15.2246
52 2.06 1.18358 16.2294
53 2.1 1.2011 17.2891
54 2.14 1.21783 18.4049
55 2.18 1.19869 19.5446
56 2.22 1.19485 20.7227
57 2.26 1.17743 21.9258
58 2.3 1.14863 23.1414
59 2.34 1.13277 24.3823
60 2.38 1.10495 25.6345
61 2.42 1.08518 26.9059
62 2.46 1.06896 28.2001
63 2.5 1.05899 29.5242
64 2.54 1.03861 30.8648
65 2.58 1.03055 32.2371
66 2.62 1.02387 33.6432
67 2.66 1.01547 35.0807
68 2.7 1.02373 36.5737
69 2.74 1.02093 38.1071
70 2.78 1.02683 39.6947
71 2.82 1.02023 41.3179
72 2.86 1.02831 43.0006
73 2.9 1.03105 44.7353
74 2.94 1.03846 46.5311
75 2.98 1.0439 48.3857
76 3.02 1.04312 50.289
77 3.06 1.04659 52.2495
78 3.1 1.05196 54.272
79 3.14 1.04939 56.3419
80 3.18 1.04596 58.458
81 3.22 1.03954 60.6143
82 3.26 1.04382 62.8336
83 3.3 1.03456 65.0875
84 3.34 1.03251 67.3918
85 3.38 1.02339 69.7308
86 3.42 1.02274 72.124
87 3.46 1.01111 74.5456
88 3.5 1.01305 77.0283
89 3.54 1.00209 79.5406
90 3.58 1.00253 82.1112
91 3.62 0.999312 84.731
92 3.66 0.994395 87.3959
93 3.7 0.995766 90.1231
94 3.74 0.998437 92.917
95 3.78 0.993965 95.7583
96 3.82 0.993688 98.6592
97 3.86 0.995026 101.625
98 3.9 0.986972 104.628
99 3.94 0.993979 107.715
100 3.98 0.994573 110.867
850000 100
1 0.02 0 0
2 0.06 0 0
3 0.1 0 0
4 0.14 0 0
5 0.18 0 0
6 0.22 0 0
7 0.26 0 0
8 0.3 0 0
9 0.34 0 0
10 0.38 0 0
11 0.42 0 0
12 0.46 0 0
13 0.5 0 0
14 0.54 0 0
15 0.58 0 0
16 0.62 0 0
17 0.66 0 0
18 0.7 0 0
19 0.74 0 0
20 0.78 0 0
21 0.82 0 0
22 0.86 0 0
23 0.9 0.00370205 0.0006
24 0.94 0.100455 0.01836
25 0.98 0.644877 0.14228
26 1.02 1.5505 0.46504
27 1.06 2.28593 0.97894
28 1.1 2.53711 1.59316
29 1.14 2.46274 2.23352
30 1.18 2.19509 2.84504
31 1.22 1.92907 3.4195
32 1.26 1.69131 3.95672
33 1.3 1.53111 4.47442
34 1.34 1.36708 4.96554
35 1.38 1.23576 5.43638
36 1.42 1.13232 5.89318
37 1.46 1.06888 6.34902
38 1.5 1.01206 6.8046
39 1.54 0.972222 7.2659
40 1.58 0.944765 7.73776
41 1.62 0.921657 8.22168
42 1.66 0.914998 8.72612
43 1.7 0.915825 9.25564
44 1.74 0.944038 9.82746
45 1.78 0.957366 10.4343
46 1.82 0.982235 11.0852
47 1.86 1.00133 11.7783
48 1.9 1.03889 12.5286
49 1.94 1.07228 13.336
50 1.98 1.11563 14.211
51 2.02 1.14521 15.1459
52 2.06 1.1762 16.1445
53 2.1 1.19219 17.1963
54 2.14 1.19377 18.2901
55 2.18 1.19816 19.4292
56 2.22 1.18365 20.5963
57 2.26 1.15639 21.7779
58 2.3 1.15244 22.9976
59 2.34 1.12089 24.2255
60 2.38 1.09975 25.4717
61 2.42 1.0839 26.7417
62 2.46 1.06146 28.0268
63 2.5 1.05264 29.343
64 2.54 1.03811 30.6829
65 2.58 1.03466 32.0607
66 2.62 1.0282 33.4727
67 2.66 1.01712 34.9125
68 2.7 1.01736 36.3963
69 2.74 1.01541 37.9214
70 2.78 1.02328 39.5035
71 2.82 1.02306 41.1312
72 2.86 1.02522 42.8089
73 2.9 1.0276 44.5378
74 2.94 1.03098 46.3206
75 2.98 1.04138 48.1707
76 3.02 1.03895 50.0664
77 3.06 1.04257 52.0194
78 3.1 1.04267 54.024
79 3.14 1.03916 56.0738
80 3.18 1.04792 58.1938
81 3.22 1.04206 60.3553
82 3.26 1.03769 62.5616
83 3.3 1.03043 64.8065
84 3.34 1.02714 67.0989
85 3.38 1.0243 69.44
86 3.42 1.0191 71.8246
87 3.46 1.01506 74.2557
88 3.5 1.01059 76.7324
89 3.54 1.00591 79.2543
90 3.58 1.00231 81.8242
91 3.62 0.997779 84.44
92 3.66 0.996179 87.1097
93 3.7 0.996182 89.838
94 3.74 0.997151 92.6284
95 3.78 0.995539 95.4741
96 3.82 0.995613 98.3807
97 3.86 0.993886 101.343
98 3.9 0.993249 104.366
99 3.94 0.999124 107.468
100 3.98 0.988319 110.6
900000 100
1 0.02 0 0
2 0.06 0 0
3 0.1 0 0
4 0.14 0 0
5 0.18 0 0
6 0.22 0 0
7 0.26 0 0
8 0.3 0 0
9 0.34 0 0
10 0.38 0 0
11 0.42 0 0
12 0.46 0 0
13 0.5 0 0
14 0.54 0 0
15 0.58 0 0
16 0.62 0 0
17 0.66 0 0
18 0.7 0 0
19 0.74 0 0
20 0.78 0 0
21 0.82 0 0
22 0.86 0 0
23 0.9 0.00296164 0.00048
24 0.94 0.10317 0.01872
25 0.98 0.655493 0.14468
26 1.02 1.56174 0.46978
27 1.06 2.29963 0.98676
28 1.1 2.55024 1.60416
29 1.14 2.46512 2.24514
30 1.18 2.20177 2.85852
31 1.22 1.93378 3.43438
32 1.26 1.70415 3.97568
33 1.3 1.53235 4.4938
34 1.34 1.35817 4.98172
35 1.38 1.23297 5.4515
36 1.42 1.14253 5.91242
37 1.46 1.06395 6.36616
38 1.5 1.01001 6.82082
39 1.54 0.966658 7.27948
40 1.58 0.945686 7.7518
41 1.62 0.930685 8.24046
42 1.66 0.929183 8.75272
43 1.7 0.929661 9.29024
44 1.74 0.939217 9.85914
45 1.78 0.956073 10.4652
46 1.82 0.985434 11.1182
47 1.86 1.00818 11.816
48 1.9 1.04144 12.5682
49 1.94 1.08375 13.3842
50 1.98 1.11851 14.2615
51 2.02 1.16178 15.2099
52 2.06 1.17196 16.2049
53 2.1 1.19038 17.2551
54 2.14 1.19615 18.351
55 2.18 1.19829 19.4903
56 2.22 1.19477 20.6683
57 2.26 1.18078 21.8749
58 2.3 1.14717 23.089
59 2.34 1.12227 24.3184
60 2.38 1.10248 25.5677
61 2.42 1.08593 26.8401
62 2.46 1.06563 28.1302
63 2.5 1.04827 29.4409
64 2.54 1.04663 30.7918
65 2.58 1.0276 32.1603
66 2.62 1.02294 33.5651
67 2.66 1.02605 35.0175
68 2.7 1.0216 36.5074
69 2.74 1.01946 38.0386
70 2.78 1.02349 39.6211
71 2.82 1.03138 41.262
72 2.86 1.02707 42.9427
73 2.9 1.02877 44.6736
74 2.94 1.04258 46.4764
75 2.98 1.04021 48.3245
76 3.02 1.04709 50.235
77 3.06 1.04349 52.1898
78 3.1 1.04574 54.2003
79 3.14 1.04056 56.2528
80 3.18 1.04511 58.3671
81 3.22 1.04107 60.5266
82 3.26 1.03886 62.7353
83 3.3 1.03847 64.9978
84 3.34 1.02717 67.2902
85 3.38 1.02189 69.6258
86 3.42 1.01831 72.0086
87 3.46 1.01395 74.4371
88 3.5 1.01095 76.9146
89 3.54 1.00619 79.4372
90 3.58 1.00572 82.0159
91 3.62 0.997885 84.632
92 3.66 0.998201 87.3071
93 3.7 0.994583 90.031
94 3.74 0.993556 92.8113
95 3.78 0.995351 95.6566
96 3.82 0.995072 98.5615
97 3.86 0.994074 101.525
98 3.9 0.996489 104.557
99 3.94 0.993141 107.641
100 3.98 0.991903 110.784
950000 100
1 0.02 0 0
2 0.06 0 0
3 0.1 0 0
4 0.14 0 0
5 0.18 0 0
6 0.22 0 0
7 0.26 0 0
8 0.3 0 0
9 0.34 0 0
10 0.38 0 0
11 0.42 0 0
12 0.46 0 0
13 0.5 0 0
14 0.54 0 0
15 0.58 0 0
16 0.62 0 0
17 0.66 0 0
18 0.7 0 0
19 0.74 0 0
20 0.78 0 0
21 0.82 0 0
22 0.86 0 0
23 0.9 0.00456587 0.00074
24 0.94 0.10283 0.01892
25 0.98 0.651018 0.14402
26 1.02 1.58566 0.4741
27 1.06 2.31449 0.99442
28 1.1 2.55305 1.6125
29 1.14 2.44581 2.24846
30 1.18 2.21297 2.86496
31 1.22 1.95117 3.446
32 1.26 1.71083 3.98942
33 1.3 1.52111 4.50374
34 1.34 1.36045 4.99248
35 1.38 1.23854 5.46438
36 1.42 1.13742 5.92324
37 1.46 1.0685 6.37892
38 1.5 1.01868 6.83748
39 1.54 0.974161 7.2997
40 1.58 0.959981 7.77916
41 1.62 0.939903 8.27266
42 1.66 0.926353 8.78336
43 1.7 0.93184 9.32214
44 1.74 0.954307 9.90018
45 1.78 0.969356 10.5146
46 1.82 0.983593 11.1665
47 1.86 1.01375 11.8681
48 1.9 1.04535 12.6231
49 1.94 1.08306 13.4386
50 1.98 1.12935 14.3244
51 2.02 1.15783 15.2696
52 2.06 1.17281 16.2653
53 2.1 1.21005 17.3329
54 2.14 1.20879 18.4404
55 2.18 1.20441 19.5855
56 2.22 1.18377 20.7527
57 2.26 1.18023 21.9587
58 2.3 1.13922 23.1643
59 2.34 1.1302 24.4024
60 2.38 1.10633 25.6561
61 2.42 1.0873 26.93
62 2.46 1.07085 28.2265
63 2.5 1.05531 29.546
64 2.54 1.04812 30.8989
65 2.58 1.03746 32.2804
66 2.62 1.03089 33.6961
67 2.66 1.02933 35.1532
68 2.7 1.02496 36.648
69 2.74 1.01868 38.1781
70 2.78 1.02879 39.7687
71 2.82 1.02845 41.4049
72 2.86 1.02919 43.0891
73 2.9 1.04008 44.8391
74 2.94 1.0414 46.6399
75 2.98 1.04578 48.4978
76 3.02 1.05009 50.4138
77 3.06 1.04894 52.3788
78 3.1 1.0478 54.3933
79 3.14 1.04729 56.459
80 3.18 1.0487 58.5806
81 3.22 1.04242 60.7429
82 3.26 1.03949 62.953
83 3.3 1.02904 65.1949
84 3.34 1.0299 67.4934
85 3.38 1.02417 69.8342
86 3.42 1.02355 72.2293
87 3.46 1.02316 74.6798
88 3.5 1.01063 77.1566
89 3.54 1.00968 79.6879
90 3.58 0.999084 82.2496
91 3.62 1.00558 84.8858
92 3.66 1.00043 87.5669
93 3.7 0.999373 90.304
94 3.74 0.997294 93.0947
95 3.78 1.00006 95.9534
96 3.82 0.996079 98.8613
97 3.86 0.99498 101.827
98 3.9 0.995806 104.857
99 3.94 0.992195 107.939
100 3.98 0.995394 111.093
1000000 100
1 0.02 0 0
2 0.06 0 0
3 0.1 0 0
4 0.14 0 0
5 0.18 0 0
6 0.22 0 0
7 0.26 0 0
8 0.3 0 0
9 0.34 0 0
10 0.38 0 0
11 0.42 0 0
12 0.46 0 0
13 0.5 0 0
14 0.54 0 0
15 0.58 0 0
16 0.62 0 0
17 0.66 0 0
18 0.7 0 0
19 0.74 0 0
20 0.78 0 0
21 0.82 0 0
22 0.86 0 0
23 0.9 0.00283824 0.00046
24 0.94 0.0988708 0.01794
25 0.98 0.664756 0.14568
26 1.02 1.60132 0.47902
27 1.06 2.31102 0.99856
28 1.1 2.58147 1.62352
29 1.14 2.46127 2.2635
30 1.18 2.23077 2.88496
31 1.22 1.94009 3.4627
32 1.26 1.71341 4.00694
33 1.3 1.51241 4.51832
34 1.34 1.35199 5.00402
35 1.38 1.24211 5.47728
36 1.42 1.14888 5.94076
37 1.46 1.06944 6.39684
38 1.5 1.01032 6.85164
39 1.54 0.984235 7.31864
40 1.58 0.957779 7.797
41 1.62 0.935179 8.28802
42 1.66 0.929618 8.80052
43 1.7 0.936545 9.34202
44 1.74 0.939878 9.91132
45 1.78 0.964623 10.5228
46 1.82 0.983804 11.1747
47 1.86 1.03031 11.8879
48 1.9 1.0549 12.6497
49 1.94 1.07658 13.4604
50 1.98 1.12504 14.3428
51 2.02 1.15984 15.2896
52 2.06 1.18367 16.2945
53 2.1 1.19539 17.3492
54 2.14 1.20624 18.4543
55 2.18 1.2123 19.6069
56 2.22 1.18608 20.7764
57 2.26 1.16849 21.9704
58 2.3 1.15416 23.1919
59 2.34 1.14407 24.4452
60 2.38 1.10924 25.7022
61 2.42 1.09368 26.9836
62 2.46 1.07612 28.2864
63 2.5 1.06398 29.6168
64 2.54 1.04437 30.9648
65 2.58 1.04101 32.3511
66 2.62 1.03228 33.7687
67 2.66 1.02064 35.2135
68 2.7 1.02684 36.711
69 2.74 1.02339 38.2481
70 2.78 1.02119 39.827
71 2.82 1.02936 41.4647
72 2.86 1.02752 43.1461
73 2.9 1.04265 44.9004
74 2.94 1.04298 46.704
75 2.98 1.04594 48.5622
76 3.02 1.04993 50.4779
77 3.06 1.04871 52.4424
78 3.1 1.04755 54.4564
79 3.14 1.04678 56.5212
80 3.18 1.04373 58.6327
81 3.22 1.0439 60.7981
82 3.26 1.036 63.0008
83 3.3 1.03511 65.2559
84 3.34 1.0306 67.556
85 3.38 1.02704 69.9033
86 3.42 1.02342 72.2981
87 3.46 1.0195 74.7398
88 3.5 1.00804 77.2102
89 3.54 1.00945 79.741
90 3.58 1.00355 82.3141
91 3.62 1.00381 84.9457
92 3.66 1.00202 87.631
93 3.7 0.998665 90.3662
94 3.74 0.996808 93.1556
95 3.78 1.00269 96.0218
96 3.82 0.995894 98.9291
97 3.86 0.998838 101.906
98 3.9 0.992651 104.927
99 3.94 0.997321 108.024
100 3.98 0.991998 111.168
