# Time-averaged data for fix calcRDF
# TimeStep Number-of-rows
# Row c_myRDF[1] c_myRDF[2] c_myRDF[3]
50000 100
1 0.015 0 0
2 0.045 0 0
3 0.075 0 0
4 0.105 0 0
5 0.135 0 0
6 0.165 0 0
7 0.195 0 0
8 0.225 0 0
9 0.255 0 0
10 0.285 0 0
11 0.315 0 0
12 0.345 0 0
13 0.375 0 0
14 0.405 0 0
15 0.435 0 0
16 0.465 0 0
17 0.495 0 0
18 0.525 0 0
19 0.555 0 0
20 0.585 0 0
21 0.615 0 0
22 0.645 0 0
23 0.675 0 0
24 0.705 0 0
25 0.735 0 0
26 0.765 0 0
27 0.795 0 0
28 0.825 0 0
29 0.855 0 0
30 0.885 0.000988094 0.00018
31 0.915 0.0180765 0.0037
32 0.945 0.162924 0.03754
33 0.975 0.560469 0.16146
34 1.005 1.21116 0.44598
35 1.035 1.7942 0.893
36 1.065 2.12487 1.45354
37 1.095 2.24399 2.07932
38 1.125 2.177 2.72014
39 1.155 2.04805 3.35558
40 1.185 1.84352 3.95766
41 1.215 1.66 4.5276
42 1.245 1.49298 5.06582
43 1.275 1.36938 5.58356
44 1.305 1.24433 6.07642
45 1.335 1.14499 6.55102
46 1.365 1.04777 7.00506
47 1.395 0.991921 7.454
48 1.425 0.933742 7.89498
49 1.455 0.892873 8.3346
50 1.485 0.850963 8.77104
51 1.515 0.822392 9.21004
52 1.545 0.808526 9.6589
53 1.575 0.796219 10.1183
54 1.605 0.790101 10.5916
55 1.635 0.786433 11.0806
56 1.665 0.794891 11.5931
57 1.695 0.793732 12.1234
58 1.725 0.808818 12.6832
59 1.755 0.8232 13.2728
60 1.785 0.850984 13.9034
61 1.815 0.869813 14.5698
62 1.845 0.901655 15.2837
63 1.875 0.930223 16.0442
64 1.905 0.959188 16.8538
65 1.935 0.997248 17.7222
66 1.965 1.02293 18.6408
67 1.995 1.05387 19.6163
68 2.025 1.09032 20.6561
69 2.055 1.10386 21.7403
70 2.085 1.11713 22.8697
71 2.115 1.13267 24.0481
72 2.145 1.12326 25.2501
73 2.175 1.12669 26.4896
74 2.205 1.11495 27.7504
75 2.235 1.10621 29.0355
76 2.265 1.08617 30.3314
77 2.295 1.07828 31.6523
78 2.325 1.05011 32.9725
79 2.355 1.03677 34.3097
80 2.385 1.02001 35.6591
81 2.415 1.01462 37.0353
82 2.445 0.994071 38.4174
83 2.475 0.980367 39.814
84 2.505 0.971019 41.2311
85 2.535 0.959467 42.6651
86 2.565 0.961924 44.1369
87 2.595 0.951918 45.6278
88 2.625 0.94893 47.1485
89 2.655 0.949785 48.7055
90 2.685 0.958299 50.3122
91 2.715 0.953746 51.9473
92 2.745 0.962618 53.6342
93 2.775 0.973097 55.3769
94 2.805 0.979292 57.1689
95 2.835 0.98182 59.0041
96 2.865 0.994347 60.9023
97 2.895 0.998923 62.8493
98 2.925 1.00359 64.8462
99 2.955 1.00836 66.894
100 2.985 1.01756 69.0026
100000 100
1 0.015 0 0
2 0.045 0 0
3 0.075 0 0
4 0.105 0 0
5 0.135 0 0
6 0.165 0 0
7 0.195 0 0
8 0.225 0 0
9 0.255 0 0
10 0.285 0 0
11 0.315 0 0
12 0.345 0 0
13 0.375 0 0
14 0.405 0 0
15 0.435 0 0
16 0.465 0 0
17 0.495 0 0
18 0.525 0 0
19 0.555 0 0
20 0.585 0 0
21 0.615 0 0
22 0.645 0 0
23 0.675 0 0
24 0.705 0 0
25 0.735 0 0
26 0.765 0 0
27 0.795 0 0
28 0.825 0 0
29 0.855 0 0
30 0.885 0.000658729 0.00012
31 0.915 0.0190009 0.00382
32 0.945 0.162057 0.03748
33 0.975 0.572952 0.16416
34 1.005 1.20665 0.44762
35 1.035 1.79596 0.89508
36 1.065 2.14322 1.46046
37 1.095 2.23316 2.08322
38 1.125 2.17626 2.72382
39 1.155 2.0425 3.35754
40 1.185 1.84193 3.9591
41 1.215 1.68295 4.53692
42 1.245 1.51761 5.08402
43 1.275 1.36859 5.60146
44 1.305 1.22399 6.08626
45 1.335 1.13071 6.55494
46 1.365 1.05478 7.01202
47 1.395 0.997003 7.46326
48 1.425 0.929973 7.90246
49 1.455 0.88938 8.34036
50 1.485 0.857787 8.7803
51 1.515 0.821043 9.21858
52 1.545 0.80478 9.66536
53 1.575 0.797121 10.1252
54 1.605 0.783324 10.5945
55 1.635 0.782959 11.0813
56 1.665 0.787074 11.5888
57 1.695 0.801005 12.124
58 1.725 0.807027 12.6825
59 1.755 0.828952 13.2763
60 1.785 0.848932 13.9054
61 1.815 0.87412 14.5751
62 1.845 0.899507 15.2872
63 1.875 0.929538 16.0472
64 1.905 0.959852 16.8573
65 1.935 0.989577 17.7191
66 1.965 1.02251 18.6373
67 1.995 1.06057 19.619
68 2.025 1.08743 20.656
69 2.055 1.10374 21.7401
70 2.085 1.1296 22.8821
71 2.115 1.13342 24.0613
72 2.145 1.12383 25.2638
73 2.175 1.11572 26.4914
74 2.205 1.11776 27.7553
75 2.235 1.10378 29.0376
76 2.265 1.09448 30.3434
77 2.295 1.07342 31.6583
78 2.325 1.04986 32.9782
79 2.355 1.03796 34.317
80 2.385 1.01415 35.6586
81 2.415 1.01462 37.0348
82 2.445 0.992388 38.4145
83 2.475 0.980887 39.8119
84 2.505 0.972458 41.2311
85 2.535 0.95956 42.6652
86 2.565 0.963584 44.1396
87 2.595 0.958303 45.6404
88 2.625 0.955969 47.1724
89 2.655 0.953531 48.7356
90 2.685 0.953981 50.3351
91 2.715 0.957619 51.9768
92 2.745 0.964832 53.6675
93 2.775 0.965582 55.3968
94 2.805 0.976767 57.1842
95 2.835 0.979787 59.0156
96 2.865 0.996254 60.9174
97 2.895 0.991525 62.85
98 2.925 1.00166 64.8431
99 2.955 1.00957 66.8933
100 2.985 1.0127 68.9919
150000 100
1 0.015 0 0
2 0.045 0 0
3 0.075 0 0
4 0.105 0 0
5 0.135 0 0
6 0.165 0 0
7 0.195 0 0
8 0.225 0 0
9 0.255 0 0
10 0.285 0 0
11 0.315 0 0
12 0.345 0 0
13 0.375 0 0
14 0.405 0 0
15 0.435 0 0
16 0.465 0 0
17 0.495 0 0
18 0.525 0 0
19 0.555 0 0
20 0.585 0 0
21 0.615 0 0
22 0.645 0 0
23 0.675 0 0
24 0.705 0 0
25 0.735 0 0
26 0.765 0 0
27 0.795 0 0
28 0.825 0 0
29 0.855 0 0
30 0.885 0.00109788 0.0002
31 0.915 0.0196172 0.00402
32 0.945 0.159361 0.03712
33 0.975 0.56852 0.16282
34 1.005 1.17992 0.44
35 1.035 1.78344 0.88434
36 1.065 2.15239 1.45214
37 1.095 2.26514 2.08382
38 1.125 2.18237 2.72622
39 1.155 2.02542 3.35464
40 1.185 1.8502 3.9589
41 1.215 1.65703 4.52782
42 1.245 1.51284 5.0732
43 1.275 1.36214 5.5882
44 1.305 1.2411 6.07978
45 1.335 1.14272 6.55344
46 1.365 1.05557 7.01086
47 1.395 0.985513 7.4569
48 1.425 0.942508 7.90202
49 1.455 0.881337 8.33596
50 1.485 0.853225 8.77356
51 1.515 0.817409 9.2099
52 1.545 0.807049 9.65794
53 1.575 0.801801 10.1205
54 1.605 0.786262 10.5916
55 1.635 0.787012 11.0809
56 1.665 0.783227 11.5859
57 1.695 0.795378 12.1173
58 1.725 0.801565 12.672
59 1.755 0.826355 13.264
60 1.785 0.845694 13.8907
61 1.815 0.873702 14.56
62 1.845 0.897966 15.2709
63 1.875 0.930932 16.0321
64 1.905 0.96234 16.8443
65 1.935 0.992516 17.7086
66 1.965 1.02197 18.6263
67 1.995 1.05601 19.6038
68 2.025 1.07918 20.633
69 2.055 1.10659 21.7199
70 2.085 1.12691 22.8592
71 2.115 1.12494 24.0295
72 2.145 1.1282 25.2368
73 2.175 1.13252 26.4828
74 2.205 1.12011 27.7493
75 2.235 1.11685 29.0468
76 2.265 1.08665 30.3433
77 2.295 1.07249 31.6571
78 2.325 1.05547 32.984
79 2.355 1.03968 34.325
80 2.385 1.01905 35.6731
81 2.415 1.00258 37.033
82 2.445 0.988375 38.4072
83 2.475 0.979511 39.8026
84 2.505 0.966291 41.2128
85 2.535 0.9594 42.6466
86 2.565 0.964825 44.1229
87 2.595 0.95133 45.6128
88 2.625 0.953385 47.1407
89 2.655 0.955117 48.7065
90 2.685 0.955579 50.3086
91 2.715 0.959976 51.9543
92 2.745 0.961192 53.6387
93 2.775 0.971791 55.3791
94 2.805 0.974264 57.1619
95 2.835 0.984495 59.0021
96 2.865 0.985515 60.8834
97 2.895 0.999252 62.8311
98 2.925 1.00537 64.8316
99 2.955 1.01272 66.8882
100 2.985 1.01424 68.9899
200000 100
1 0.015 0 0
2 0.045 0 0
3 0.075 0 0
4 0.105 0 0
5 0.135 0 0
6 0.165 0 0
7 0.195 0 0
8 0.225 0 0
9 0.255 0 0
10 0.285 0 0
11 0.315 0 0
12 0.345 0 0
13 0.375 0 0
14 0.405 0 0
15 0.435 0 0
16 0.465 0 0
17 0.495 0 0
18 0.525 0 0
19 0.555 0 0
20 0.585 0 0
21 0.615 0 0
22 0.645 0 0
23 0.675 0 0
24 0.705 0 0
25 0.735 0 0
26 0.765 0 0
27 0.795 0 0
28 0.825 0 0
29 0.855 0 0
30 0.885 0.000329365 6e-05
31 0.915 0.0172549 0.00342
32 0.945 0.155702 0.03576
33 0.975 0.567887 0.16132
34 1.005 1.19269 0.4415
35 1.035 1.80214 0.8905
36 1.065 2.1389 1.45474
37 1.095 2.23603 2.0783
38 1.125 2.18597 2.72176
39 1.155 2.02858 3.35116
40 1.185 1.85081 3.95562
41 1.215 1.6695 4.52882
42 1.245 1.51489 5.07494
43 1.275 1.36203 5.5899
44 1.305 1.2405 6.08124
45 1.335 1.15078 6.55824
46 1.365 1.05548 7.01562
47 1.395 0.98706 7.46236
48 1.425 0.927771 7.90052
49 1.455 0.886984 8.33724
50 1.485 0.852211 8.77432
51 1.515 0.828387 9.21652
52 1.545 0.798259 9.65968
53 1.575 0.786131 10.1132
54 1.605 0.790802 10.587
55 1.635 0.778809 11.0712
56 1.665 0.794426 11.5834
57 1.695 0.797324 12.1162
58 1.725 0.814801 12.68
59 1.755 0.827556 13.2728
60 1.785 0.83595 13.8923
61 1.815 0.869969 14.5588
62 1.845 0.897158 15.2691
63 1.875 0.933549 16.0324
64 1.905 0.959425 16.8421
65 1.935 0.997707 17.7109
66 1.965 1.02768 18.6338
67 1.995 1.05333 19.6088
68 2.025 1.08061 20.6394
69 2.055 1.09081 21.7107
70 2.085 1.12301 22.8461
71 2.115 1.1244 24.0159
72 2.145 1.13801 25.2336
73 2.175 1.14039 26.4883
74 2.205 1.11819 27.7527
75 2.235 1.10782 29.0397
76 2.265 1.09679 30.3483
77 2.295 1.07667 31.6671
78 2.325 1.05153 32.9891
79 2.355 1.03767 34.3275
80 2.385 1.02795 35.6874
81 2.415 0.998987 37.0424
82 2.445 0.990763 38.4199
83 2.475 0.981013 39.8175
84 2.505 0.964536 41.2251
85 2.535 0.967723 42.6714
86 2.565 0.948461 44.1226
87 2.595 0.954561 45.6176
88 2.625 0.950228 47.1404
89 2.655 0.956971 48.7092
90 2.685 0.948625 50.2997
91 2.715 0.958238 51.9424
92 2.745 0.962436 53.629
93 2.775 0.97064 55.3674
94 2.805 0.97421 57.15
95 2.835 0.98335 58.9881
96 2.865 0.984949 60.8683
97 2.895 1.00291 62.8232
98 2.925 1.00451 64.8219
99 2.955 1.01228 66.8776
100 2.985 1.0092 68.9689
250000 100
1 0.015 0 0
2 0.045 0 0
3 0.075 0 0
4 0.105 0 0
5 0.135 0 0
6 0.165 0 0
7 0.195 0 0
8 0.225 0 0
9 0.255 0 0
10 0.285 0 0
11 0.315 0 0
12 0.345 0 0
13 0.375 0 0
14 0.405 0 0
15 0.435 0 0
16 0.465 0 0
17 0.495 0 0
18 0.525 0 0
19 0.555 0 0
20 0.585 0 0
21 0.615 0 0
22 0.645 0 0
23 0.675 0 0
24 0.705 0 0
25 0.735 0 0
26 0.765 0 0
27 0.795 0 0
28 0.825 0 0
29 0.855 0 0
30 0.885 0.000109788 2e-05
31 0.915 0.0180765 0.00354
32 0.945 0.156761 0.0361
33 0.975 0.58245 0.16488
34 1.005 1.21125 0.44942
35 1.035 1.7852 0.8942
36 1.065 2.13298 1.45688
37 1.095 2.22419 2.07714
38 1.125 2.19813 2.72418
39 1.155 2.02903 3.35372
40 1.185 1.83568 3.95324
41 1.215 1.68307 4.5311
42 1.245 1.50108 5.07224
43 1.275 1.35394 5.58414
44 1.305 1.23393 6.07288
45 1.335 1.1323 6.54222
46 1.365 1.06097 7.00198
47 1.395 0.980476 7.44574
48 1.425 0.936029 7.8878
49 1.455 0.885765 8.32392
50 1.485 0.853147 8.76148
51 1.515 0.829698 9.20438
52 1.545 0.809427 9.65374
53 1.575 0.80343 10.1173
54 1.605 0.781355 10.5854
55 1.635 0.783055 11.0722
56 1.665 0.791975 11.5828
57 1.695 0.797593 12.1158
58 1.725 0.806767 12.6741
59 1.755 0.827472 13.2668
60 1.785 0.848716 13.8958
61 1.815 0.867724 14.5606
62 1.845 0.907162 15.2787
63 1.875 0.922884 16.0333
64 1.905 0.963643 16.8466
65 1.935 0.998924 17.7165
66 1.965 1.02819 18.6398
67 1.995 1.05584 19.6171
68 2.025 1.07895 20.6461
69 2.055 1.09963 21.7261
70 2.085 1.12178 22.8603
71 2.115 1.12519 24.0309
72 2.145 1.13399 25.2443
73 2.175 1.12329 26.4801
74 2.205 1.11721 27.7434
75 2.235 1.1017 29.0233
76 2.265 1.08804 30.3215
77 2.295 1.06906 31.631
78 2.325 1.05722 32.9602
79 2.355 1.02912 34.2876
80 2.385 1.01897 35.6356
81 2.415 1.00835 37.0033
82 2.445 0.991842 38.3822
83 2.475 0.982599 39.7821
84 2.505 0.972266 41.201
85 2.535 0.966559 42.6455
86 2.565 0.963728 44.1202
87 2.595 0.959733 45.6232
88 2.625 0.952112 47.149
89 2.655 0.961131 48.7247
90 2.685 0.951702 50.3203
91 2.715 0.951751 51.9519
92 2.745 0.967572 53.6475
93 2.775 0.971333 55.3871
94 2.805 0.977259 57.1753
95 2.835 0.982152 59.0112
96 2.865 0.991414 60.9038
97 2.895 0.992982 62.8392
98 2.925 0.99857 64.8262
99 2.955 1.0052 66.8675
100 2.985 1.00882 68.958
300000 100
1 0.015 0 0
2 0.045 0 0
3 0.075 0 0
4 0.105 0 0
5 0.135 0 0
6 0.165 0 0
7 0.195 0 0
8 0.225 0 0
9 0.255 0 0
10 0.285 0 0
11 0.315 0 0
12 0.345 0 0
13 0.375 0 0
14 0.405 0 0
15 0.435 0 0
16 0.465 0 0
17 0.495 0 0
18 0.525 0 0
19 0.555 0 0
20 0.585 0 0
21 0.615 0 0
22 0.645 0 0
23 0.675 0 0
24 0.705 0 0
25 0.735 0 0
26 0.765 0 0
27 0.795 0 0
28 0.825 0 0
29 0.855 0 0
30 0.885 0.000439153 8e-05
31 0.915 0.0202334 0.00402
32 0.945 0.153583 0.03592
33 0.975 0.564087 0.16064
34 1.005 1.20512 0.44374
35 1.035 1.78737 0.88906
36 1.065 2.13579 1.45248
37 1.095 2.2688 2.08518
38 1.125 2.17938 2.7267
39 1.155 2.03206 3.35718
40 1.185 1.8407 3.95834
41 1.215 1.67818 4.53452
42 1.245 1.50369 5.0766
43 1.275 1.35066 5.58726
44 1.305 1.23772 6.0775
45 1.335 1.15362 6.55568
46 1.365 1.04606 7.00898
47 1.395 0.987148 7.45576
48 1.425 0.937554 7.89854
49 1.455 0.888852 8.33618
50 1.485 0.842891 8.76848
51 1.515 0.826963 9.20992
52 1.545 0.807409 9.65816
53 1.575 0.792129 10.1152
54 1.605 0.787397 10.5869
55 1.635 0.78209 11.0731
56 1.665 0.79092 11.5831
57 1.695 0.79457 12.114
58 1.725 0.808847 12.6738
59 1.755 0.824317 13.2642
60 1.785 0.853817 13.8969
61 1.815 0.870256 14.5637
62 1.845 0.899053 15.2754
63 1.875 0.933598 16.0388
64 1.905 0.96497 16.8532
65 1.935 0.986499 17.7123
66 1.965 1.02612 18.6337
67 1.995 1.06288 19.6176
68 2.025 1.09204 20.659
69 2.055 1.10219 21.7415
70 2.085 1.12089 22.8748
71 2.115 1.12483 24.045
72 2.145 1.1347 25.2592
73 2.175 1.12874 26.501
74 2.205 1.12065 27.7682
75 2.235 1.09889 29.0448
76 2.265 1.09116 30.3467
77 2.295 1.06814 31.6552
78 2.325 1.04769 32.9723
79 2.355 1.03562 34.3081
80 2.385 1.0179 35.6547
81 2.415 1.00455 37.0172
82 2.445 0.996632 38.4028
83 2.475 0.975987 39.7933
84 2.505 0.977515 41.2198
85 2.535 0.959948 42.6545
86 2.565 0.953232 44.1131
87 2.595 0.955277 45.6091
88 2.625 0.961635 47.1502
89 2.655 0.953348 48.7131
90 2.685 0.952275 50.3097
91 2.715 0.960816 51.9569
92 2.745 0.96869 53.6544
93 2.775 0.970004 55.3916
94 2.805 0.975423 57.1765
95 2.835 0.984206 59.0162
96 2.865 0.98803 60.9023
97 2.895 0.99291 62.8376
98 2.925 0.997907 64.8232
99 2.955 1.0074 66.869
100 2.985 1.01447 68.9713
350000 100
1 0.015 0 0
2 0.045 0 0
3 0.075 0 0
4 0.105 0 0
5 0.135 0 0
6 0.165 0 0
7 0.195 0 0
8 0.225 0 0
9 0.255 0 0
10 0.285 0 0
11 0.315 0 0
12 0.345 0 0
13 0.375 0 0
14 0.405 0 0
15 0.435 0 0
16 0.465 0 0
17 0.495 0 0
18 0.525 0 0
19 0.555 0 0
20 0.585 0 0
21 0.615 0 0
22 0.645 0 0
23 0.675 0 0
24 0.705 0 0
25 0.735 0 0
26 0.765 0 0
27 0.795 0 0
28 0.825 0 0
29 0.855 0 0
30 0.885 0.000658729 0.00012
31 0.915 0.0166386 0.00336
32 0.945 0.147517 0.034
33 0.975 0.571414 0.16034
34 1.005 1.19533 0.44114
35 1.035 1.7783 0.8842
36 1.065 2.1599 1.45398
37 1.095 2.2518 2.08194
38 1.125 2.21009 2.7325
39 1.155 2.02671 3.36132
40 1.185 1.84113 3.96262
41 1.215 1.67305 4.53704
42 1.245 1.50973 5.0813
43 1.275 1.36087 5.59582
44 1.305 1.22712 6.08186
45 1.335 1.14431 6.55618
46 1.365 1.03798 7.00598
47 1.395 0.985778 7.45214
48 1.425 0.933446 7.89298
49 1.455 0.890436 8.3314
50 1.485 0.851899 8.76832
51 1.515 0.826551 9.20954
52 1.545 0.802942 9.6553
53 1.575 0.805406 10.12
54 1.605 0.785628 10.5906
55 1.635 0.787076 11.08
56 1.665 0.785088 11.5862
57 1.695 0.795378 12.1176
58 1.725 0.814858 12.6815
59 1.755 0.82186 13.2703
60 1.785 0.853062 13.9024
61 1.815 0.875138 14.5729
62 1.845 0.898522 15.2842
63 1.875 0.928217 16.0432
64 1.905 0.96016 16.8535
65 1.935 0.985741 17.7119
66 1.965 1.03128 18.638
67 1.995 1.04875 19.6088
68 2.025 1.08407 20.6426
69 2.055 1.10509 21.728
70 2.085 1.12111 22.8615
71 2.115 1.13134 24.0385
72 2.145 1.13427 25.2522
73 2.175 1.13129 26.4968
74 2.205 1.12109 27.7645
75 2.235 1.10808 29.0518
76 2.265 1.08724 30.349
77 2.295 1.06844 31.6578
78 2.325 1.04928 32.977
79 2.355 1.03469 34.3115
80 2.385 1.02142 35.6628
81 2.415 1.00581 37.0271
82 2.445 0.989223 38.4024
83 2.475 0.979609 39.798
84 2.505 0.972362 41.217
85 2.535 0.961889 42.6546
86 2.565 0.961767 44.1262
87 2.595 0.95105 45.6157
88 2.625 0.959738 47.1537
89 2.655 0.954568 48.7186
90 2.685 0.957416 50.3238
91 2.715 0.964199 51.9768
92 2.745 0.962173 53.6629
93 2.775 0.971534 55.4028
94 2.805 0.980626 57.1972
95 2.835 0.983756 59.0361
96 2.865 0.987401 60.921
97 2.895 0.99211 62.8548
98 2.925 1.0045 64.8535
99 2.955 1.01451 66.9137
100 2.985 1.00982 69.0063
400000 100
1 0.015 0 0
2 0.045 0 0
3 0.075 0 0
4 0.105 0 0
5 0.135 0 0
6 0.165 0 0
7 0.195 0 0
8 0.225 0 0
9 0.255 0 0
10 0.285 0 0
11 0.315 0 0
12 0.345 0 0
13 0.375 0 0
14 0.405 0 0
15 0.435 0 0
16 0.465 0 0
17 0.495 0 0
18 0.525 0 0
19 0.555 0 0
20 0.585 0 0
21 0.615 0 0
22 0.645 0 0
23 0.675 0 0
24 0.705 0 0
25 0.735 0 0
26 0.765 0 0
27 0.795 0 0
28 0.825 0 0
29 0.855 0 0
30 0.885 0.000439153 8e-05
31 0.915 0.0180765 0.0036
32 0.945 0.157724 0.03636
33 0.975 0.563907 0.16104
34 1.005 1.2029 0.44362
35 1.035 1.80094 0.89232
36 1.065 2.13526 1.4556
37 1.095 2.25797 2.08528
38 1.125 2.17782 2.72634
39 1.155 2.02877 3.3558
40 1.185 1.87377 3.96776
41 1.215 1.6674 4.54024
42 1.245 1.49021 5.07746
43 1.275 1.36288 5.59274
44 1.305 1.22797 6.07912
45 1.335 1.14286 6.55284
46 1.365 1.06184 7.01298
47 1.395 0.992186 7.46204
48 1.425 0.920953 7.89698
49 1.455 0.880931 8.33072
50 1.485 0.847882 8.76558
51 1.515 0.827637 9.20738
52 1.545 0.801681 9.65244
53 1.575 0.799582 10.1137
54 1.605 0.786563 10.585
55 1.635 0.790518 11.0765
56 1.665 0.784778 11.5824
57 1.695 0.790439 12.1106
58 1.725 0.801362 12.6652
59 1.755 0.828645 13.2588
60 1.785 0.855842 13.893
61 1.815 0.87506 14.5634
62 1.845 0.900366 15.2762
63 1.875 0.923863 16.0316
64 1.905 0.959994 16.8418
65 1.935 1.00575 17.7176
66 1.965 1.02643 18.6393
67 1.995 1.05361 19.6146
68 2.025 1.08428 20.6487
69 2.055 1.10319 21.7322
70 2.085 1.11733 22.8618
71 2.115 1.136 24.0436
72 2.145 1.13554 25.2587
73 2.175 1.12812 26.4999
74 2.205 1.11178 27.7571
75 2.235 1.10457 29.0403
76 2.265 1.0924 30.3437
77 2.295 1.06721 31.6509
78 2.325 1.05145 32.9728
79 2.355 1.02466 34.2944
80 2.385 1.02047 35.6444
81 2.415 1.00971 37.014
82 2.445 0.989914 38.3903
83 2.475 0.986193 39.7952
84 2.505 0.970827 41.212
85 2.535 0.969891 42.6616
86 2.565 0.96097 44.132
87 2.595 0.950168 45.62
88 2.625 0.956181 47.1524
89 2.655 0.948992 48.7081
90 2.685 0.95243 50.305
91 2.715 0.953536 51.9397
92 2.745 0.968759 53.6373
93 2.775 0.979317 55.3912
94 2.805 0.971871 57.1696
95 2.835 0.981242 59.0037
96 2.865 0.992744 60.8988
97 2.895 1.00107 62.8501
98 2.925 1.00551 64.8508
99 2.955 1.01096 66.9038
100 2.985 1.01094 68.9987
450000 100
1 0.015 0 0
2 0.045 0 0
3 0.075 0 0
4 0.105 0 0
5 0.135 0 0
6 0.165 0 0
7 0.195 0 0
8 0.225 0 0
9 0.255 0 0
10 0.285 0 0
11 0.315 0 0
12 0.345 0 0
13 0.375 0 0
14 0.405 0 0
15 0.435 0 0
16 0.465 0 0
17 0.495 0 0
18 0.525 0 0
19 0.555 0 0
20 0.585 0 0
21 0.615 0 0
22 0.645 0 0
23 0.675 0 0
24 0.705 0 0
25 0.735 0 0
26 0.765 0 0
27 0.795 0 0
28 0.825 0 0
29 0.855 0 0
30 0.885 0.000329365 6e-05
31 0.915 0.0191036 0.00378
32 0.945 0.152524 0.03546
33 0.975 0.570148 0.16152
34 1.005 1.20222 0.44394
35 1.035 1.79484 0.89112
36 1.065 2.15406 1.45936
37 1.095 2.25252 2.08752
38 1.125 2.18706 2.7313
39 1.155 2.02039 3.35816
40 1.185 1.84248 3.9599
41 1.215 1.66454 4.5314
42 1.245 1.50713 5.07472
43 1.275 1.3579 5.58812
44 1.305 1.25161 6.08386
45 1.335 1.13437 6.55406
46 1.365 1.06775 7.01676
47 1.395 0.98516 7.46264
48 1.425 0.924214 7.89912
49 1.455 0.884384 8.33456
50 1.485 0.855097 8.77312
51 1.515 0.826626 9.21438
52 1.545 0.811805 9.66506
53 1.575 0.796601 10.1246
54 1.605 0.789033 10.5974
55 1.635 0.795247 11.0918
56 1.665 0.792657 11.6028
57 1.695 0.794271 12.1336
58 1.725 0.805206 12.6908
59 1.755 0.82387 13.281
60 1.785 0.844722 13.9069
61 1.815 0.869134 14.5728
62 1.845 0.906783 15.2907
63 1.875 0.934797 16.055
64 1.905 0.954568 16.8607
65 1.935 0.994859 17.727
66 1.965 1.02215 18.6449
67 1.995 1.05199 19.6186
68 2.025 1.08761 20.6559
69 2.055 1.10046 21.7367
70 2.085 1.12331 22.8724
71 2.115 1.12239 24.0401
72 2.145 1.13611 25.2558
73 2.175 1.12663 26.4953
74 2.205 1.11514 27.7562
75 2.235 1.10646 29.0417
76 2.265 1.0896 30.3417
77 2.295 1.06994 31.6523
78 2.325 1.05364 32.9769
79 2.355 1.03775 34.3155
80 2.385 1.02657 35.6735
81 2.415 1.01065 37.0444
82 2.445 0.990331 38.4212
83 2.475 0.97989 39.8172
84 2.505 0.973033 41.2372
85 2.535 0.963294 42.6769
86 2.565 0.959493 44.145
87 2.595 0.955813 45.642
88 2.625 0.953622 47.1702
89 2.655 0.952909 48.7324
90 2.685 0.957881 50.3384
91 2.715 0.957958 51.9806
92 2.745 0.961637 53.6658
93 2.775 0.968753 55.4008
94 2.805 0.976658 57.1879
95 2.835 0.988914 59.0364
96 2.865 0.986091 60.9188
97 2.895 0.99563 62.8594
98 2.925 0.996922 64.8431
99 2.955 1.0121 66.8984
100 2.985 1.01574 69.0033
500000 100
1 0.015 0 0
2 0.045 0 0
3 0.075 0 0
4 0.105 0 0
5 0.135 0 0
6 0.165 0 0
7 0.195 0 0
8 0.225 0 0
9 0.255 0 0
10 0.285 0 0
11 0.315 0 0
12 0.345 0 0
13 0.375 0 0
14 0.405 0 0
15 0.435 0 0
16 0.465 0 0
17 0.495 0 0
18 0.525 0 0
19 0.555 0 0
20 0.585 0 0
21 0.615 0 0
22 0.645 0 0
23 0.675 0 0
24 0.705 0 0
25 0.735 0 0
26 0.765 0 0
27 0.795 0 0
28 0.825 0 0
29 0.855 0 0
30 0.885 0.000658729 0.00012
31 0.915 0.0194117 0.0039
32 0.945 0.157628 0.03664
33 0.975 0.566892 0.16198
34 1.005 1.20205 0.44436
35 1.035 1.81611 0.89684
36 1.065 2.12525 1.45748
37 1.095 2.24083 2.08238
38 1.125 2.19093 2.7273
39 1.155 2.04321 3.36124
40 1.185 1.85595 3.96738
41 1.215 1.65924 4.53706
42 1.245 1.50629 5.08008
43 1.275 1.3515 5.59106
44 1.305 1.25322 6.08744
45 1.335 1.13568 6.55818
46 1.365 1.05506 7.01538
47 1.395 0.975659 7.45696
48 1.425 0.922859 7.8928
49 1.455 0.888771 8.3304
50 1.485 0.854668 8.76874
51 1.515 0.819507 9.2062
52 1.545 0.80867 9.65514
53 1.575 0.790673 10.1113
54 1.605 0.785361 10.5818
55 1.635 0.786111 11.0706
56 1.665 0.791013 11.5806
57 1.695 0.799599 12.1148
58 1.725 0.812864 12.6774
59 1.755 0.82669 13.2696
60 1.785 0.839648 13.8918
61 1.815 0.869969 14.5583
62 1.845 0.907263 15.2765
63 1.875 0.926896 16.0344
64 1.905 0.96388 16.8479
65 1.935 1.00016 17.7189
66 1.965 1.02405 18.6385
67 1.995 1.05957 19.6192
68 2.025 1.08371 20.6528
69 2.055 1.10458 21.7376
70 2.085 1.12651 22.8766
71 2.115 1.11837 24.04
72 2.145 1.13723 25.2569
73 2.175 1.12636 26.4962
74 2.205 1.12192 27.7648
75 2.235 1.10686 29.0507
76 2.265 1.08487 30.3451
77 2.295 1.0829 31.6716
78 2.325 1.05005 32.9917
79 2.355 1.03561 34.3274
80 2.385 1.01691 35.6727
81 2.415 1.00583 37.037
82 2.445 0.982908 38.4035
83 2.475 0.975159 39.7928
84 2.505 0.970306 41.2088
85 2.535 0.960403 42.6442
86 2.565 0.955963 44.1069
87 2.595 0.95294 45.5993
88 2.625 0.956193 47.1317
89 2.655 0.950334 48.6896
90 2.685 0.960995 50.3009
91 2.715 0.958284 51.9437
92 2.745 0.966031 53.6366
93 2.775 0.97647 55.3853
94 2.805 0.979675 57.178
95 2.835 0.981338 59.0123
96 2.865 0.990083 60.9024
97 2.895 1.00036 62.8522
98 2.925 1.00789 64.8577
99 2.955 1.00633 66.9013
100 2.985 1.01585 69.0064
550000 100
1 0.015 0 0
2 0.045 0 0
3 0.075 0 0
4 0.105 0 0
5 0.135 0 0
6 0.165 0 0
7 0.195 0 0
8 0.225 0 0
9 0.255 0 0
10 0.285 0 0
11 0.315 0 0
12 0.345 0 0
13 0.375 0 0
14 0.405 0 0
15 0.435 0 0
16 0.465 0 0
17 0.495 0 0
18 0.525 0 0
19 0.555 0 0
20 0.585 0 0
21 0.615 0 0
22 0.645 0 0
23 0.675 0 0
24 0.705 0 0
25 0.735 0 0
26 0.765 0 0
27 0.795 0 0
28 0.825 0 0
29 0.855 0.000117627 2e-05
30 0.885 0.000548941 0.00012
31 0.915 0.0202334 0.00406
32 0.945 0.157724 0.03682
33 0.975 0.582179 0.16554
34 1.005 1.19848 0.44708
35 1.035 1.79403 0.89406
36 1.065 2.13351 1.45688
37 1.095 2.23524 2.08022
38 1.125 2.18006 2.72194
39 1.155 2.04592 3.35672
40 1.185 1.85032 3.96102
41 1.215 1.69157 4.5418
42 1.245 1.51328 5.08734
43 1.275 1.35981 5.60146
44 1.305 1.23641 6.09118
45 1.335 1.1282 6.55882
46 1.365 1.05649 7.01664
47 1.395 0.982376 7.46126
48 1.425 0.936114 7.90336
49 1.455 0.888771 8.34096
50 1.485 0.853654 8.77878
51 1.515 0.830934 9.22234
52 1.545 0.797935 9.66532
53 1.575 0.787345 10.1196
54 1.605 0.779218 10.5864
55 1.635 0.78936 11.0772
56 1.665 0.785337 11.5835
57 1.695 0.799 12.1174
58 1.725 0.80535 12.6747
59 1.755 0.821525 13.2632
60 1.785 0.851658 13.8943
61 1.815 0.876365 14.5657
62 1.845 0.899204 15.2776
63 1.875 0.929905 16.0379
64 1.905 0.962008 16.8499
65 1.935 0.996099 17.7173
66 1.965 1.02754 18.64
67 1.995 1.05337 19.615
68 2.025 1.08694 20.6516
69 2.055 1.09501 21.7271
70 2.085 1.1133 22.8527
71 2.115 1.13184 24.0302
72 2.145 1.12906 25.2383
73 2.175 1.13358 26.4855
74 2.205 1.12174 27.7539
75 2.235 1.10677 29.0397
76 2.265 1.09044 30.3407
77 2.295 1.07673 31.6597
78 2.325 1.05385 32.9846
79 2.355 1.04537 34.3329
80 2.385 1.0188 35.6807
81 2.415 1.00073 37.0381
82 2.445 0.988691 38.4127
83 2.475 0.980718 39.8098
84 2.505 0.966661 41.2205
85 2.535 0.956844 42.6506
86 2.565 0.958734 44.1176
87 2.595 0.956566 45.6157
88 2.625 0.953747 47.1441
89 2.655 0.952201 48.7051
90 2.685 0.953408 50.3036
91 2.715 0.955718 51.942
92 2.745 0.963029 53.6296
93 2.775 0.973633 55.3733
94 2.805 0.974844 57.1572
95 2.835 0.978278 58.9858
96 2.865 0.991906 60.8793
97 2.895 1.00111 62.8306
98 2.925 1.00585 64.832
99 2.955 1.01973 66.9029
100 2.985 1.00718 68.99
600000 100
1 0.015 0 0
2 0.045 0 0
3 0.075 0 0
4 0.105 0 0
5 0.135 0 0
6 0.165 0 0
7 0.195 0 0
8 0.225 0 0
9 0.255 0 0
10 0.285 0 0
11 0.315 0 0
12 0.345 0 0
13 0.375 0 0
14 0.405 0 0
15 0.435 0 0
16 0.465 0 0
17 0.495 0 0
18 0.525 0 0
19 0.555 0 0
20 0.585 0 0
21 0.615 0 0
22 0.645 0 0
23 0.675 0 0
24 0.705 0 0
25 0.735 0 0
26 0.765 0 0
27 0.795 0 0
28 0.825 0 0
29 0.855 0 0
30 0.885 0.000219576 4e-05
31 0.915 0.0196172 0.00386
32 0.945 0.163116 0.03774
33 0.975 0.573495 0.16454
34 1.005 1.17949 0.44162
35 1.035 1.77814 0.88464
36 1.065 2.12191 1.4444
37 1.095 2.26127 2.075
38 1.125 2.18808 2.71908
39 1.155 2.03419 3.35022
40 1.185 1.85608 3.9564
41 1.215 1.68237 4.53402
42 1.245 1.51417 5.07988
43 1.275 1.35526 5.59228
44 1.305 1.23429 6.08116
45 1.335 1.13727 6.55256
46 1.365 1.05778 7.01094
47 1.395 0.974245 7.45188
48 1.425 0.938612 7.89516
49 1.455 0.880322 8.3286
50 1.485 0.857748 8.76852
51 1.515 0.829211 9.21116
52 1.545 0.805608 9.6584
53 1.575 0.79979 10.1198
54 1.605 0.784526 10.5898
55 1.635 0.78579 11.0784
56 1.665 0.78667 11.5856
57 1.695 0.797473 12.1184
58 1.725 0.810177 12.6791
59 1.755 0.827612 13.272
60 1.785 0.849067 13.9011
61 1.815 0.868821 14.5668
62 1.845 0.895011 15.2753
63 1.875 0.942086 16.0456
64 1.905 0.96343 16.8588
65 1.935 0.991598 17.7222
66 1.965 1.02209 18.6401
67 1.995 1.05532 19.6169
68 2.025 1.07881 20.6458
69 2.055 1.11046 21.7364
70 2.085 1.12329 22.8721
71 2.115 1.13156 24.0493
72 2.145 1.13792 25.2669
73 2.175 1.13019 26.5104
74 2.205 1.11994 27.7767
75 2.235 1.10474 29.0602
76 2.265 1.08736 30.3575
77 2.295 1.06805 31.6658
78 2.325 1.05003 32.9859
79 2.355 1.03629 34.3225
80 2.385 1.01755 35.6687
81 2.415 1.00766 37.0354
82 2.445 0.989051 38.4105
83 2.475 0.976226 39.8013
84 2.505 0.969155 41.2156
85 2.535 0.962732 42.6545
86 2.565 0.963009 44.128
87 2.595 0.958954 45.6298
88 2.625 0.955657 47.1613
89 2.655 0.956996 48.7302
90 2.685 0.951416 50.3254
91 2.715 0.960034 51.9712
92 2.745 0.961169 53.6555
93 2.775 0.966508 55.3865
94 2.805 0.981555 57.1826
95 2.835 0.985126 59.024
96 2.865 0.986091 60.9064
97 2.895 0.996728 62.8492
98 2.925 1.00278 64.8445
99 2.955 1.01279 66.9012
100 2.985 1.01846 69.0117
650000 100
1 0.015 0 0
2 0.045 0 0
3 0.075 0 0
4 0.105 0 0
5 0.135 0 0
6 0.165 0 0
7 0.195 0 0
8 0.225 0 0
9 0.255 0 0
10 0.285 0 0
11 0.315 0 0
12 0.345 0 0
13 0.375 0 0
14 0.405 0 0
15 0.435 0 0
16 0.465 0 0
17 0.495 0 0
18 0.525 0 0
19 0.555 0 0
20 0.585 0 0
21 0.615 0 0
22 0.645 0 0
23 0.675 0 0
24 0.705 0 0
25 0.735 0 0
26 0.765 0 0
27 0.795 0 0
28 0.825 0 0
29 0.855 0 0
30 0.885 0.000329365 6e-05
31 0.915 0.0181793 0.0036
32 0.945 0.154065 0.0356
33 0.975 0.571776 0.16202
34 1.005 1.22274 0.44926
35 1.035 1.75847 0.88738
36 1.065 2.14079 1.45212
37 1.095 2.25811 2.08184
38 1.125 2.20377 2.73054
39 1.155 2.02291 3.35818
40 1.185 1.82092 3.95288
41 1.215 1.66769 4.52546
42 1.245 1.50091 5.06654
43 1.275 1.37166 5.58514
44 1.305 1.23974 6.07618
45 1.335 1.13297 6.5458
46 1.365 1.05746 7.00404
47 1.395 0.991656 7.45286
48 1.425 0.938062 7.89588
49 1.455 0.881622 8.32996
50 1.485 0.853849 8.76788
51 1.515 0.829024 9.21042
52 1.545 0.803086 9.65626
53 1.575 0.797987 10.1166
54 1.605 0.781589 10.5849
55 1.635 0.783892 11.0723
56 1.665 0.783506 11.5774
57 1.695 0.799658 12.1117
58 1.725 0.807113 12.6703
59 1.755 0.829035 13.2642
60 1.785 0.849445 13.8936
61 1.815 0.878897 14.567
62 1.845 0.899962 15.2795
63 1.875 0.938784 16.047
64 1.905 0.960824 16.858
65 1.935 0.994928 17.7244
66 1.965 1.02249 18.6426
67 1.995 1.05553 19.6196
68 2.025 1.07965 20.6492
69 2.055 1.09902 21.7286
70 2.085 1.11895 22.8599
71 2.115 1.12531 24.0306
72 2.145 1.13657 25.2468
73 2.175 1.12605 26.4857
74 2.205 1.11695 27.7487
75 2.235 1.10166 29.0286
76 2.265 1.07921 30.3162
77 2.295 1.07151 31.6287
78 2.325 1.04952 32.9482
79 2.355 1.03278 34.2803
80 2.385 1.02902 35.6416
81 2.415 1.00275 37.0017
82 2.445 0.996632 38.3873
83 2.475 0.980901 39.7848
84 2.505 0.969881 41.2002
85 2.535 0.972568 42.6537
86 2.565 0.958473 44.1203
87 2.595 0.961496 45.6261
88 2.625 0.959126 47.1632
89 2.655 0.95436 48.7277
90 2.685 0.958275 50.3344
91 2.715 0.957036 51.9751
92 2.745 0.960051 53.6575
93 2.775 0.965258 55.3862
94 2.805 0.973674 57.1678
95 2.835 0.983553 59.0063
96 2.865 0.993037 60.902
97 2.895 0.995404 62.8422
98 2.925 1.00315 64.8382
99 2.955 1.00711 66.8834
100 2.985 1.01281 68.9822
700000 100
1 0.015 0 0
2 0.045 0 0
3 0.075 0 0
4 0.105 0 0
5 0.135 0 0
6 0.165 0 0
7 0.195 0 0
8 0.225 0 0
9 0.255 0 0
10 0.285 0 0
11 0.315 0 0
12 0.345 0 0
13 0.375 0 0
14 0.405 0 0
15 0.435 0 0
16 0.465 0 0
17 0.495 0 0
18 0.525 0 0
19 0.555 0 0
20 0.585 0 0
21 0.615 0 0
22 0.645 0 0
23 0.675 0 0
24 0.705 0 0
25 0.735 0 0
26 0.765 0 0
27 0.795 0 0
28 0.825 0 0
29 0.855 0 0
30 0.885 0.000878306 0.00016
31 0.915 0.0190009 0.00386
32 0.945 0.158687 0.03682
33 0.975 0.56463 0.16166
34 1.005 1.20384 0.44446
35 1.035 1.79018 0.89048
36 1.065 2.15383 1.45866
37 1.095 2.24951 2.08598
38 1.125 2.17225 2.7254
39 1.155 2.03296 3.35616
40 1.185 1.85387 3.96162
41 1.215 1.67823 4.53782
42 1.245 1.50114 5.07898
43 1.275 1.36023 5.59326
44 1.305 1.24388 6.08594
45 1.335 1.14291 6.55968
46 1.365 1.04292 7.01162
47 1.395 0.987413 7.45852
48 1.425 0.934293 7.89976
49 1.455 0.883775 8.3349
50 1.485 0.856344 8.7741
51 1.515 0.833632 9.2191
52 1.545 0.805356 9.6662
53 1.575 0.791505 10.1228
54 1.605 0.787397 10.5946
55 1.635 0.778905 11.0788
56 1.665 0.783351 11.5839
57 1.695 0.79457 12.1148
58 1.725 0.813413 12.6777
59 1.755 0.824484 13.2683
60 1.785 0.856085 13.9027
61 1.815 0.867045 14.567
62 1.845 0.902312 15.2813
63 1.875 0.933867 16.0449
64 1.905 0.961961 16.8568
65 1.935 0.990817 17.7196
66 1.965 1.02629 18.6412
67 1.995 1.05327 19.6162
68 2.025 1.08097 20.6471
69 2.055 1.10169 21.7291
70 2.085 1.12006 22.8615
71 2.115 1.13304 24.0402
72 2.145 1.1325 25.2521
73 2.175 1.13292 26.4985
74 2.205 1.12082 27.7659
75 2.235 1.10101 29.045
76 2.265 1.0919 30.3478
77 2.295 1.07298 31.6621
78 2.325 1.05132 32.9838
79 2.355 1.04302 34.3291
80 2.385 1.02689 35.6876
81 2.415 1.00309 37.0482
82 2.445 0.989367 38.4237
83 2.475 0.973867 39.8111
84 2.505 0.972115 41.2298
85 2.535 0.962545 42.6683
86 2.565 0.955088 44.1297
87 2.595 0.958265 45.6305
88 2.625 0.954708 47.1605
89 2.655 0.952201 48.7215
90 2.685 0.954171 50.3213
91 2.715 0.961668 51.9699
92 2.745 0.96554 53.6619
93 2.775 0.971601 55.402
94 2.805 0.977849 57.1913
95 2.835 0.981263 59.0255
96 2.865 0.988302 60.9121
97 2.895 0.996594 62.8546
98 2.925 0.998701 64.8418
99 2.955 1.01155 66.896
100 2.985 1.01547 69.0003
750000 100
1 0.015 0 0
2 0.045 0 0
3 0.075 0 0
4 0.105 0 0
5 0.135 0 0
6 0.165 0 0
7 0.195 0 0
8 0.225 0 0
9 0.255 0 0
10 0.285 0 0
11 0.315 0 0
12 0.345 0 0
13 0.375 0 0
14 0.405 0 0
15 0.435 0 0
16 0.465 0 0
17 0.495 0 0
18 0.525 0 0
19 0.555 0 0
20 0.585 0 0
21 0.615 0 0
22 0.645 0 0
23 0.675 0 0
24 0.705 0 0
25 0.735 0 0
26 0.765 0 0
27 0.795 0 0
28 0.825 0 0
29 0.855 0 0
30 0.885 0.000548941 0.0001
31 0.915 0.015098 0.00304
32 0.945 0.152909 0.0348
33 0.975 0.565625 0.15986
34 1.005 1.20393 0.44268
35 1.035 1.79468 0.88982
36 1.065 2.13943 1.4542
37 1.095 2.23674 2.07796
38 1.125 2.16341 2.71478
39 1.155 2.05733 3.3531
40 1.185 1.87641 3.96592
41 1.215 1.68639 4.54492
42 1.245 1.50602 5.08784
43 1.275 1.37166 5.60644
44 1.305 1.23206 6.09444
45 1.335 1.14354 6.56844
46 1.365 1.04048 7.01932
47 1.395 0.982464 7.46398
48 1.425 0.922816 7.8998
49 1.455 0.88284 8.33448
50 1.485 0.845855 8.7683
51 1.515 0.817147 9.2045
52 1.545 0.799124 9.64814
53 1.575 0.794417 10.1065
54 1.605 0.783158 10.5757
55 1.635 0.790518 11.0671
56 1.665 0.786019 11.5739
57 1.695 0.801424 12.1094
58 1.725 0.808183 12.6687
59 1.755 0.833503 13.2658
60 1.785 0.844506 13.8916
61 1.815 0.869317 14.5576
62 1.845 0.905773 15.2747
63 1.875 0.9335 16.0379
64 1.905 0.966487 16.8537
65 1.935 0.993068 17.7184
66 1.965 1.01944 18.6339
67 1.995 1.06651 19.6211
68 2.025 1.08149 20.6525
69 2.055 1.10631 21.739
70 2.085 1.12186 22.8733
71 2.115 1.13479 24.0538
72 2.145 1.12829 25.2612
73 2.175 1.13276 26.5074
74 2.205 1.11709 27.7706
75 2.235 1.10304 29.052
76 2.265 1.08731 30.3493
77 2.295 1.06888 31.6587
78 2.325 1.05773 32.9884
79 2.355 1.03102 34.3183
80 2.385 1.02033 35.6681
81 2.415 0.991747 37.0133
82 2.445 0.991985 38.3924
83 2.475 0.98194 39.7913
84 2.505 0.969758 41.2066
85 2.535 0.966171 42.6505
86 2.565 0.952578 44.1081
87 2.595 0.946388 45.5903
88 2.625 0.954433 47.1198
89 2.655 0.959862 48.6934
90 2.685 0.951368 50.2885
91 2.715 0.952008 51.9205
92 2.745 0.966248 53.6138
93 2.775 0.976403 55.3624
94 2.805 0.979926 57.1555
95 2.835 0.990808 59.0076
96 2.865 0.98979 60.897
97 2.895 0.997241 62.8408
98 2.925 1.00578 64.8421
99 2.955 1.00925 66.8917
100 2.985 1.01858 69.0024
800000 100
1 0.015 0 0
2 0.045 0 0
3 0.075 0 0
4 0.105 0 0
5 0.135 0 0
6 0.165 0 0
7 0.195 0 0
8 0.225 0 0
9 0.255 0 0
10 0.285 0 0
11 0.315 0 0
12 0.345 0 0
13 0.375 0 0
14 0.405 0 0
15 0.435 0 0
16 0.465 0 0
17 0.495 0 0
18 0.525 0 0
19 0.555 0 0
20 0.585 0 0
21 0.615 0 0
22 0.645 0 0
23 0.675 0 0
24 0.705 0 0
25 0.735 0 0
26 0.765 0 0
27 0.795 0 0
28 0.825 0 0
29 0.855 0 0
30 0.885 0.000878306 0.00016
31 0.915 0.0178711 0.00364
32 0.945 0.153872 0.0356
33 0.975 0.586159 0.1652
34 1.005 1.19107 0.445
35 1.035 1.8068 0.89516
36 1.065 2.13465 1.45828
37 1.095 2.23 2.08016
38 1.125 2.18366 2.72294
39 1.155 2.03406 3.35404
40 1.185 1.84236 3.95574
41 1.215 1.64864 4.52178
42 1.245 1.52394 5.07116
43 1.275 1.35886 5.58492
44 1.305 1.24661 6.07868
45 1.335 1.15377 6.55692
46 1.365 1.05944 7.01602
47 1.395 0.99687 7.4672
48 1.425 0.93154 7.90714
49 1.455 0.877397 8.33914
50 1.485 0.848077 8.7741
51 1.515 0.828949 9.2166
52 1.545 0.813066 9.66798
53 1.575 0.792163 10.125
54 1.605 0.781822 10.5934
55 1.635 0.783055 11.0802
56 1.665 0.782204 11.5846
57 1.695 0.792175 12.1139
58 1.725 0.805322 12.6712
59 1.755 0.81918 13.258
60 1.785 0.846125 13.885
61 1.815 0.878923 14.5584
62 1.845 0.910876 15.2795
63 1.875 0.931226 16.0409
64 1.905 0.960279 16.8514
65 1.935 0.993412 17.7164
66 1.965 1.01854 18.6311
67 1.995 1.05549 19.6081
68 2.025 1.08103 20.6391
69 2.055 1.10456 21.7239
70 2.085 1.11963 22.8559
71 2.115 1.13482 24.0365
72 2.145 1.13491 25.2509
73 2.175 1.127 26.4908
74 2.205 1.11548 27.7522
75 2.235 1.10808 29.0395
76 2.265 1.08682 30.3362
77 2.295 1.0728 31.6503
78 2.325 1.05016 32.9705
79 2.355 1.03195 34.3016
80 2.385 1.025 35.6576
81 2.415 1.00191 37.0165
82 2.445 0.991784 38.3954
83 2.475 0.976787 39.787
84 2.505 0.96836 41.2002
85 2.535 0.968232 42.6472
86 2.565 0.959715 44.1157
87 2.595 0.956745 45.6141
88 2.625 0.955594 47.1455
89 2.655 0.954763 48.7107
90 2.685 0.95367 50.3097
91 2.715 0.958121 51.9522
92 2.745 0.967263 53.6472
93 2.775 0.968396 55.3815
94 2.805 0.980057 57.1749
95 2.835 0.981702 59.0099
96 2.865 0.990481 60.9007
97 2.895 1.00045 62.8507
98 2.925 1.00555 64.8515
99 2.955 1.01056 66.9038
100 2.985 1.01835 69.014
850000 100
1 0.015 0 0
2 0.045 0 0
3 0.075 0 0
4 0.105 0 0
5 0.135 0 0
6 0.165 0 0
7 0.195 0 0
8 0.225 0 0
9 0.255 0 0
10 0.285 0 0
11 0.315 0 0
12 0.345 0 0
13 0.375 0 0
14 0.405 0 0
15 0.435 0 0
16 0.465 0 0
17 0.495 0 0
18 0.525 0 0
19 0.555 0 0
20 0.585 0 0
21 0.615 0 0
22 0.645 0 0
23 0.675 0 0
24 0.705 0 0
25 0.735 0 0
26 0.765 0 0
27 0.795 0 0
28 0.825 0 0
29 0.855 0 0
30 0.885 0.000548941 0.0001
31 0.915 0.0186928 0.00374
32 0.945 0.162442 0.03748
33 0.975 0.568972 0.16328
34 1.005 1.19711 0.4445
35 1.035 1.7889 0.8902
36 1.065 2.14845 1.45696
37 1.095 2.25654 2.08624
38 1.125 2.17646 2.7269
39 1.155 2.03554 3.35846
40 1.185 1.8562 3.96468
41 1.215 1.67724 4.54054
42 1.245 1.49104 5.07806
43 1.275 1.35367 5.58986
44 1.305 1.25055 6.08518
45 1.335 1.13114 6.55404
46 1.365 1.05441 7.01096
47 1.395 0.991832 7.45986
48 1.425 0.942847 7.90514
49 1.455 0.876382 8.33664
50 1.485 0.847453 8.77128
51 1.515 0.832958 9.21592
52 1.545 0.800853 9.66052
53 1.575 0.791435 10.1171
54 1.605 0.786229 10.5882
55 1.635 0.787495 11.0778
56 1.665 0.783755 11.5831
57 1.695 0.793852 12.1135
58 1.725 0.81324 12.6763
59 1.755 0.825573 13.2677
60 1.785 0.846665 13.8951
61 1.815 0.875216 14.5656
62 1.845 0.906909 15.2836
63 1.875 0.929905 16.0439
64 1.905 0.956321 16.8511
65 1.935 0.992999 17.7158
66 1.965 1.0281 18.639
67 1.995 1.05339 19.6141
68 2.025 1.08034 20.6444
69 2.055 1.11107 21.7356
70 2.085 1.11369 22.8616
71 2.115 1.13429 24.0416
72 2.145 1.14175 25.2634
73 2.175 1.12385 26.4998
74 2.205 1.1187 27.7648
75 2.235 1.10727 29.0512
76 2.265 1.08764 30.3489
77 2.295 1.06462 31.653
78 2.325 1.04804 32.9706
79 2.355 1.04147 34.3139
80 2.385 1.01791 35.6605
81 2.415 1.00025 37.0172
82 2.445 0.993913 38.3991
83 2.475 0.98281 39.7992
84 2.505 0.970813 41.216
85 2.535 0.96229 42.6542
86 2.565 0.961885 44.126
87 2.595 0.956579 45.6241
88 2.625 0.952012 47.1497
89 2.655 0.952299 48.7109
90 2.685 0.957941 50.317
91 2.715 0.958844 51.9608
92 2.745 0.959765 53.6427
93 2.775 0.973544 55.3862
94 2.805 0.972811 57.1663
95 2.835 0.979102 58.9965
96 2.865 0.99002 60.8864
97 2.895 0.995989 62.8277
98 2.925 1.00013 64.8177
99 2.955 1.01191 66.8727
100 2.985 1.01676 68.9797
900000 100
1 0.015 0 0
2 0.045 0 0
3 0.075 0 0
4 0.105 0 0
5 0.135 0 0
6 0.165 0 0
7 0.195 0 0
8 0.225 0 0
9 0.255 0 0
10 0.285 0 0
11 0.315 0 0
12 0.345 0 0
13 0.375 0 0
14 0.405 0 0
15 0.435 0 0
16 0.465 0 0
17 0.495 0 0
18 0.525 0 0
19 0.555 0 0
20 0.585 0 0
21 0.615 0 0
22 0.645 0 0
23 0.675 0 0
24 0.705 0 0
25 0.735 0 0
26 0.765 0 0
27 0.795 0 0
28 0.825 0 0
29 0.855 0 0
30 0.885 0.000439153 8e-05
31 0.915 0.0183847 0.00366
32 0.945 0.152909 0.03542
33 0.975 0.566892 0.16076
34 1.005 1.20061 0.4428
35 1.035 1.78825 0.88834
36 1.065 2.13768 1.45226
37 1.095 2.24499 2.07832
38 1.125 2.19725 2.7251
39 1.155 2.02484 3.35334
40 1.185 1.83636 3.95308
41 1.215 1.67876 4.52946
42 1.245 1.50519 5.07208
43 1.275 1.36547 5.58834
44 1.305 1.23131 6.07604
45 1.335 1.1321 6.5453
46 1.365 1.05114 7.0008
47 1.395 0.985513 7.44684
48 1.425 0.934504 7.88818
49 1.455 0.896651 8.32966
50 1.485 0.854161 8.76774
51 1.515 0.838016 9.21508
52 1.545 0.811985 9.66586
53 1.575 0.793307 10.1235
54 1.605 0.778184 10.5898
55 1.635 0.788653 11.0801
56 1.665 0.785213 11.5863
57 1.695 0.798102 12.1196
58 1.725 0.812691 12.682
59 1.755 0.825127 13.2731
60 1.785 0.845046 13.8993
61 1.815 0.878062 14.572
62 1.845 0.905469 15.2889
63 1.875 0.923741 16.0441
64 1.905 0.954686 16.8499
65 1.935 0.999981 17.7207
66 1.965 1.02309 18.6394
67 1.995 1.04922 19.6106
68 2.025 1.07671 20.6375
69 2.055 1.10075 21.7186
70 2.085 1.11967 22.8506
71 2.115 1.1314 24.0276
72 2.145 1.13809 25.2454
73 2.175 1.12387 26.4819
74 2.205 1.12043 27.7489
75 2.235 1.1072 29.0351
76 2.265 1.09453 30.3411
77 2.295 1.06834 31.6497
78 2.325 1.05671 32.9782
79 2.355 1.03629 34.3148
80 2.385 1.02358 35.6689
81 2.415 1.00466 37.0317
82 2.445 0.999365 38.4211
83 2.475 0.979497 39.8165
84 2.505 0.968127 41.2294
85 2.535 0.957232 42.66
86 2.565 0.959414 44.128
87 2.595 0.958086 45.6285
88 2.625 0.95844 47.1644
89 2.655 0.950456 48.7226
90 2.685 0.955627 50.3248
91 2.715 0.962671 51.9751
92 2.745 0.960712 53.6587
93 2.775 0.9715 55.3986
94 2.805 0.973543 57.18
95 2.835 0.984024 59.0194
96 2.865 0.983105 60.8961
97 2.895 0.995701 62.8369
98 2.925 1.00616 64.8389
99 2.955 1.01339 66.8969
100 2.985 1.01591 69.0021
950000 100
1 0.015 0 0
2 0.045 0 0
3 0.075 0 0
4 0.105 0 0
5 0.135 0 0
6 0.165 0 0
7 0.195 0 0
8 0.225 0 0
9 0.255 0 0
10 0.285 0 0
11 0.315 0 0
12 0.345 0 0
13 0.375 0 0
14 0.405 0 0
15 0.435 0 0
16 0.465 0 0
17 0.495 0 0
18 0.525 0 0
19 0.555 0 0
20 0.585 0 0
21 0.615 0 0
22 0.645 0 0
23 0.675 0 0
24 0.705 0 0
25 0.735 0 0
26 0.765 0 0
27 0.795 0 0
28 0.825 0 0
29 0.855 0 0
30 0.885 0.000109788 2e-05
31 0.915 0.0183847 0.0036
32 0.945 0.15522 0.03584
33 0.975 0.573133 0.16256
34 1.005 1.20725 0.44616
35 1.035 1.79355 0.89302
36 1.065 2.13473 1.45616
37 1.095 2.25783 2.0858
38 1.125 2.15343 2.71968
39 1.155 2.03399 3.35076
40 1.185 1.83452 3.9499
41 1.215 1.67386 4.5246
42 1.245 1.51417 5.07046
43 1.275 1.36674 5.5872
44 1.305 1.24312 6.07958
45 1.335 1.14779 6.55534
46 1.365 1.06217 7.01562
47 1.395 0.993688 7.46536
48 1.425 0.926712 7.90302
49 1.455 0.892833 8.34262
50 1.485 0.853732 8.78048
51 1.515 0.818121 9.2172
52 1.545 0.80604 9.66468
53 1.575 0.793931 10.1227
54 1.605 0.785261 10.5932
55 1.635 0.783152 11.0801
56 1.665 0.784127 11.5856
57 1.695 0.782837 12.1087
58 1.725 0.817835 12.6747
59 1.755 0.826606 13.2668
60 1.785 0.842995 13.8915
61 1.815 0.874929 14.5618
62 1.845 0.904333 15.2778
63 1.875 0.929489 16.0377
64 1.905 0.962127 16.8498
65 1.935 0.982755 17.7056
66 1.965 1.02155 18.6229
67 1.995 1.05979 19.6039
68 2.025 1.0861 20.6397
69 2.055 1.09796 21.7181
70 2.085 1.12518 22.8557
71 2.115 1.13479 24.0362
72 2.145 1.13239 25.2479
73 2.175 1.1245 26.4851
74 2.205 1.12199 27.7538
75 2.235 1.10571 29.0384
76 2.265 1.0861 30.3342
77 2.295 1.07498 31.651
78 2.325 1.05698 32.9798
79 2.355 1.03112 34.3098
80 2.385 1.01487 35.6524
81 2.415 1.01087 37.0235
82 2.445 0.988921 38.3984
83 2.475 0.986362 39.8036
84 2.505 0.973938 41.225
85 2.535 0.966987 42.6702
86 2.565 0.954016 44.1299
87 2.595 0.952071 45.621
88 2.625 0.948106 47.1404
89 2.655 0.954324 48.7049
90 2.685 0.955197 50.3064
91 2.715 0.963919 51.9589
92 2.745 0.952906 53.6287
93 2.775 0.971143 55.368
94 2.805 0.972406 57.1473
95 2.835 0.981274 58.9815
96 2.865 0.990743 60.8728
97 2.895 0.99841 62.8189
98 2.925 1.00889 64.8264
99 2.955 1.00868 66.8748
100 2.985 1.02282 68.9943
1000000 100
1 0.015 0 0
2 0.045 0 0
3 0.075 0 0
4 0.105 0 0
5 0.135 0 0
6 0.165 0 0
7 0.195 0 0
8 0.225 0 0
9 0.255 0 0
10 0.285 0 0
11 0.315 0 0
12 0.345 0 0
13 0.375 0 0
14 0.405 0 0
15 0.435 0 0
16 0.465 0 0
17 0.495 0 0
18 0.525 0 0
19 0.555 0 0
20 0.585 0 0
21 0.615 0 0
22 0.645 0 0
23 0.675 0 0
24 0.705 0 0
25 0.735 0 0
26 0.765 0 0
27 0.795 0 0
28 0.825 0 0
29 0.855 0 0
30 0.885 0.000548941 0.0001
31 0.915 0.0176657 0.00354
32 0.945 0.157435 0.03624
33 0.975 0.57449 0.16326
34 1.005 1.20248 0.44574
35 1.035 1.78424 0.89028
36 1.065 2.16467 1.46132
37 1.095 2.24406 2.08712
38 1.125 2.17136 2.72628
39 1.155 2.04005 3.35924
40 1.185 1.84946 3.96326
41 1.215 1.6561 4.53186
42 1.245 1.51517 5.07808
43 1.275 1.36277 5.59332
44 1.305 1.22944 6.08028
45 1.335 1.14639 6.55546
46 1.365 1.06254 7.0159
47 1.395 0.992451 7.46508
48 1.425 0.941661 7.9098
49 1.455 0.893726 8.34984
50 1.485 0.844178 8.7828
51 1.515 0.826888 9.2242
52 1.545 0.804491 9.67082
53 1.575 0.785161 10.1238
54 1.605 0.777783 10.5898
55 1.635 0.787623 11.0795
56 1.665 0.785337 11.5858
57 1.695 0.796097 12.1177
58 1.725 0.81428 12.6813
59 1.755 0.8287 13.2749
60 1.785 0.837165 13.8952
61 1.815 0.87365 14.5646
62 1.845 0.899912 15.277
63 1.875 0.9301 16.0375
64 1.905 0.958406 16.8464
65 1.935 0.994078 17.712
66 1.965 1.02699 18.6343
67 1.995 1.06307 19.6183
68 2.025 1.07994 20.6482
69 2.055 1.11254 21.7409
70 2.085 1.1254 22.8787
71 2.115 1.12685 24.051
72 2.145 1.13098 25.2612
73 2.175 1.12585 26.4999
74 2.205 1.11164 27.7569
75 2.235 1.11077 29.0473
76 2.265 1.08596 30.343
77 2.295 1.07289 31.6573
78 2.325 1.06096 32.9911
79 2.355 1.03489 34.3259
80 2.385 1.0208 35.6763
81 2.415 1.00384 37.0379
82 2.445 0.991036 38.4158
83 2.475 0.977882 39.8089
84 2.505 0.969909 41.2244
85 2.535 0.963267 42.664
86 2.565 0.959244 44.1318
87 2.595 0.955417 45.6281
88 2.625 0.95044 47.1512
89 2.655 0.955227 48.7172
90 2.685 0.95478 50.318
91 2.715 0.962543 51.9681
92 2.745 0.961306 53.6527
93 2.775 0.974661 55.3982
94 2.805 0.971226 57.1754
95 2.835 0.981916 59.0108
96 2.865 0.991005 60.9026
97 2.895 0.995578 62.8432
98 2.925 1.00237 64.8376
99 2.955 1.00785 66.8844
100 2.985 1.01003 68.9774
