# Time-averaged data for fix calcRDF
# TimeStep Number-of-rows
# Row c_myRDF[1] c_myRDF[2] c_myRDF[3]
50000 100
1 0.02 0 0
2 0.06 0 0
3 0.1 0 0
4 0.14 0 0
5 0.18 0 0
6 0.22 0 0
7 0.26 0 0
8 0.3 0 0
9 0.34 0 0
10 0.38 0 0
11 0.42 0 0
12 0.46 0 0
13 0.5 0 0
14 0.54 0 0
15 0.58 0 0
16 0.62 0 0
17 0.66 0 0
18 0.7 0 0
19 0.74 0 0
20 0.78 0 0
21 0.82 0 0
22 0.86 0 0
23 0.9 0.00501567 0.00126
24 0.94 0.120714 0.03434
25 0.98 0.675911 0.23566
26 1.02 1.51715 0.72518
27 1.06 2.11705 1.46288
28 1.1 2.25947 2.31074
29 1.14 2.12266 3.16624
30 1.18 1.88209 3.97894
31 1.22 1.63748 4.73476
32 1.26 1.43333 5.44044
33 1.3 1.2549 6.09812
34 1.34 1.118 6.72066
35 1.38 1.02097 7.32362
36 1.42 0.937338 7.90974
37 1.46 0.877728 8.48994
38 1.5 0.842349 9.07768
39 1.54 0.801283 9.66698
40 1.58 0.799359 10.2858
41 1.62 0.78028 10.9208
42 1.66 0.782521 11.5895
43 1.7 0.799915 12.3064
44 1.74 0.818394 13.0747
45 1.78 0.847328 13.9073
46 1.82 0.881387 14.8126
47 1.86 0.91745 15.7969
48 1.9 0.959821 16.8713
49 1.94 1.00798 18.0477
50 1.98 1.0449 19.318
51 2.02 1.07772 20.6817
52 2.06 1.10928 22.1414
53 2.1 1.12932 23.6858
54 2.14 1.13158 25.2928
55 2.18 1.12826 26.9555
56 2.22 1.1152 28.6599
57 2.26 1.09267 30.3905
58 2.3 1.05698 32.1244
59 2.34 1.04735 33.9027
60 2.38 1.02523 35.7035
61 2.42 1.00266 37.5244
62 2.46 0.988367 39.3792
63 2.5 0.96625 41.2518
64 2.54 0.962979 43.1784
65 2.58 0.952274 45.144
66 2.62 0.954699 47.1762
67 2.66 0.949948 49.2604
68 2.7 0.954904 51.4191
69 2.74 0.961961 53.6586
70 2.78 0.973518 55.9916
71 2.82 0.98325 58.4163
72 2.86 0.992132 60.9328
73 2.9 0.998834 63.5376
74 2.94 1.0113 66.2482
75 2.98 1.01332 69.0387
76 3.02 1.01963 71.9224
77 3.06 1.02664 74.9033
78 3.1 1.02714 77.9642
79 3.14 1.02772 81.1063
80 3.18 1.02982 84.3356
81 3.22 1.02668 87.6365
82 3.26 1.02277 91.0071
83 3.3 1.01912 94.4486
84 3.34 1.00982 97.9418
85 3.38 1.0111 101.524
86 3.42 1.00038 105.152
87 3.46 1.00066 108.867
88 3.5 0.993019 112.639
89 3.54 0.992949 116.497
90 3.58 0.988442 120.426
91 3.62 0.992682 124.46
92 3.66 0.99133 128.577
93 3.7 0.992291 132.79
94 3.74 0.998467 137.121
95 3.78 0.994285 141.526
96 3.82 0.997001 146.037
97 3.86 0.998206 150.649
98 3.9 1.00388 155.384
99 3.94 1.00472 160.221
100 3.98 1.00701 165.167
100000 100
1 0.02 0 0
2 0.06 0 0
3 0.1 0 0
4 0.14 0 0
5 0.18 0 0
6 0.22 0 0
7 0.26 0 0
8 0.3 0 0
9 0.34 0 0
10 0.38 0 0
11 0.42 0 0
12 0.46 0 0
13 0.5 0 0
14 0.54 0 0
15 0.58 0 0
16 0.62 0 0
17 0.66 0 0
18 0.7 0 0
19 0.74 0 0
20 0.78 0 0
21 0.82 0 0
22 0.86 0 0
23 0.9 0.00597104 0.0015
24 0.94 0.128378 0.03668
25 0.98 0.675978 0.23802
26 1.02 1.50755 0.72444
27 1.06 2.09817 1.45556
28 1.1 2.26155 2.3042
29 1.14 2.12227 3.15954
30 1.18 1.87282 3.96824
31 1.22 1.63145 4.72128
32 1.26 1.44706 5.43372
33 1.3 1.25772 6.09288
34 1.34 1.11868 6.7158
35 1.38 1.00956 7.31202
36 1.42 0.935419 7.89694
37 1.46 0.884596 8.48168
38 1.5 0.846305 9.07218
39 1.54 0.810556 9.6683
40 1.58 0.784788 10.2758
41 1.62 0.787751 10.9169
42 1.66 0.779994 11.5835
43 1.7 0.798509 12.2991
44 1.74 0.813856 13.0632
45 1.78 0.847267 13.8956
46 1.82 0.873676 14.7931
47 1.86 0.913404 15.773
48 1.9 0.951102 16.8377
49 1.94 1.00215 18.0073
50 1.98 1.04204 19.2741
51 2.02 1.07926 20.6397
52 2.06 1.10529 22.0942
53 2.1 1.13089 23.6407
54 2.14 1.14071 25.2607
55 2.18 1.12935 26.925
56 2.22 1.11276 28.6256
57 2.26 1.08622 30.346
58 2.3 1.0626 32.0891
59 2.34 1.04362 33.8611
60 2.38 1.02725 35.6655
61 2.42 1.00184 37.4849
62 2.46 0.985074 39.3334
63 2.5 0.976291 41.2256
64 2.54 0.96043 43.147
65 2.58 0.954629 45.1175
66 2.62 0.955225 47.1508
67 2.66 0.955745 49.2478
68 2.7 0.950985 51.3975
69 2.74 0.962854 53.6391
70 2.78 0.972249 55.9691
71 2.82 0.981555 58.3896
72 2.86 0.984278 60.8862
73 2.9 0.999984 63.494
74 2.94 1.00764 66.1948
75 2.98 1.01474 68.9892
76 3.02 1.02327 71.8832
77 3.06 1.0246 74.8582
78 3.1 1.03077 77.9299
79 3.14 1.02473 81.0628
80 3.18 1.02973 84.2918
81 3.22 1.02909 87.6005
82 3.26 1.02363 90.9739
83 3.3 1.01607 94.4051
84 3.34 1.01244 97.9074
85 3.38 1.00305 101.461
86 3.42 1.00204 105.095
87 3.46 0.994884 108.788
88 3.5 0.993182 112.561
89 3.54 0.993958 116.424
90 3.58 0.993893 120.374
91 3.62 0.993248 124.41
92 3.66 0.992268 128.531
93 3.7 0.990986 132.738
94 3.74 0.997319 137.064
95 3.78 0.995725 141.476
96 3.82 0.998345 145.993
97 3.86 1.00111 150.619
98 3.9 1.00483 155.358
99 3.94 1.00386 160.19
100 3.98 1.00846 165.144
150000 100
1 0.02 0 0
2 0.06 0 0
3 0.1 0 0
4 0.14 0 0
5 0.18 0 0
6 0.22 0 0
7 0.26 0 0
8 0.3 0 0
9 0.34 0 0
10 0.38 0 0
11 0.42 0 0
12 0.46 0 0
13 0.5 0 0
14 0.54 0 0
15 0.58 0 0
16 0.62 0 0
17 0.66 0 0
18 0.7 0 0
19 0.74 0 0
20 0.78 0 0
21 0.82 0 0
22 0.86 0 0
23 0.9 0.00557297 0.0014
24 0.94 0.125896 0.0359
25 0.98 0.666913 0.23454
26 1.02 1.50203 0.71918
27 1.06 2.10592 1.453
28 1.1 2.2535 2.29862
29 1.14 2.11045 3.1492
30 1.18 1.88162 3.9617
31 1.22 1.64697 4.7219
32 1.26 1.43841 5.43008
33 1.3 1.25875 6.08978
34 1.34 1.12827 6.71804
35 1.38 1.0143 7.31706
36 1.42 0.939641 7.90462
37 1.46 0.886775 8.4908
38 1.5 0.838078 9.07556
39 1.54 0.806912 9.669
40 1.58 0.793857 10.2836
41 1.62 0.785613 10.9229
42 1.66 0.784792 11.5935
43 1.7 0.799401 12.31
44 1.74 0.820098 13.0799
45 1.78 0.840346 13.9056
46 1.82 0.875662 14.805
47 1.86 0.919631 15.7916
48 1.9 0.949423 16.8545
49 1.94 0.994766 18.0155
50 1.98 1.04272 19.2831
51 2.02 1.08432 20.6551
52 2.06 1.11222 22.1187
53 2.1 1.12875 23.6623
54 2.14 1.13312 25.2715
55 2.18 1.12393 26.9278
56 2.22 1.1191 28.6381
57 2.26 1.09431 30.3713
58 2.3 1.06101 32.1118
59 2.34 1.04462 33.8855
60 2.38 1.02522 35.6863
61 2.42 1.0015 37.5051
62 2.46 0.985607 39.3547
63 2.5 0.973205 41.2408
64 2.54 0.965158 43.1717
65 2.58 0.952119 45.137
66 2.62 0.949878 47.1589
67 2.66 0.957732 49.2603
68 2.7 0.954082 51.4171
69 2.74 0.961007 53.6543
70 2.78 0.971724 55.9831
71 2.82 0.976267 58.3906
72 2.86 0.994174 60.9122
73 2.9 1.00032 63.5209
74 2.94 1.00805 66.2228
75 2.98 1.01502 69.018
76 3.02 1.02454 71.9155
77 3.06 1.02381 74.8882
78 3.1 1.02787 77.9513
79 3.14 1.03203 81.1066
80 3.18 1.02516 84.3213
81 3.22 1.01999 87.6007
82 3.26 1.0194 90.9601
83 3.3 1.0184 94.3992
84 3.34 1.01556 97.9123
85 3.38 1.00718 101.48
86 3.42 1.00685 105.132
87 3.46 0.99628 108.831
88 3.5 0.993256 112.604
89 3.54 0.994009 116.466
90 3.58 0.993102 120.413
91 3.62 0.992126 124.445
92 3.66 0.987998 128.549
93 3.7 0.994769 132.772
94 3.74 0.992123 137.075
95 3.78 0.995607 141.486
96 3.82 1.00136 146.017
97 3.86 1.00189 150.646
98 3.9 1.00397 155.381
99 3.94 1.0045 160.217
100 3.98 1.00754 165.166
200000 100
1 0.02 0 0
2 0.06 0 0
3 0.1 0 0
4 0.14 0 0
5 0.18 0 0
6 0.22 0 0
7 0.26 0 0
8 0.3 0 0
9 0.34 0 0
10 0.38 0 0
11 0.42 0 0
12 0.46 0 0
13 0.5 0 0
14 0.54 0 0
15 0.58 0 0
16 0.62 0 0
17 0.66 0 0
18 0.7 0 0
19 0.74 0 0
20 0.78 0 0
21 0.82 0 0
22 0.86 0 0
23 0.9 0.00541374 0.00136
24 0.94 0.127429 0.03628
25 0.98 0.682424 0.23954
26 1.02 1.50178 0.7241
27 1.06 2.08979 1.4523
28 1.1 2.2624 2.30126
29 1.14 2.12207 3.15652
30 1.18 1.88413 3.9701
31 1.22 1.6328 4.72376
32 1.26 1.4343 5.42992
33 1.3 1.26463 6.0927
34 1.34 1.12762 6.7206
35 1.38 1.01092 7.31762
36 1.42 0.935131 7.90236
37 1.46 0.881389 8.48498
38 1.5 0.834581 9.0673
39 1.54 0.80819 9.66168
40 1.58 0.803441 10.2837
41 1.62 0.775611 10.9149
42 1.66 0.784932 11.5856
43 1.7 0.787507 12.2914
44 1.74 0.817115 13.0585
45 1.78 0.840529 13.8844
46 1.82 0.873754 14.7819
47 1.86 0.913759 15.7622
48 1.9 0.963733 16.841
49 1.94 1.00455 18.0134
50 1.98 1.0476 19.287
51 2.02 1.08409 20.6587
52 2.06 1.11165 22.1216
53 2.1 1.12188 23.6558
54 2.14 1.13248 25.2641
55 2.18 1.12518 26.9222
56 2.22 1.10837 28.6161
57 2.26 1.09447 30.3496
58 2.3 1.06643 32.099
59 2.34 1.04653 33.876
60 2.38 1.01991 35.6674
61 2.42 0.998304 37.4804
62 2.46 0.98322 39.3255
63 2.5 0.975145 41.2154
64 2.54 0.963988 43.144
65 2.58 0.955239 45.1157
66 2.62 0.954764 47.148
67 2.66 0.955772 49.2451
68 2.7 0.959098 51.4132
69 2.74 0.961626 53.6519
70 2.78 0.963428 55.9608
71 2.82 0.980249 58.3781
72 2.86 0.986478 60.8802
73 2.9 1.0016 63.4923
74 2.94 1.00756 66.1928
75 2.98 1.01792 68.9959
76 3.02 1.02295 71.889
77 3.06 1.0258 74.8675
78 3.1 1.02758 77.9296
79 3.14 1.0293 81.0766
80 3.18 1.02778 84.2995
81 3.22 1.02763 87.6035
82 3.26 1.02265 90.9737
83 3.3 1.01581 94.404
84 3.34 1.01115 97.9018
85 3.38 1.00447 101.46
86 3.42 1.00286 105.098
87 3.46 0.997088 108.799
88 3.5 0.995999 112.582
89 3.54 0.995795 116.452
90 3.58 0.993309 120.4
91 3.62 0.992091 124.431
92 3.66 0.993203 128.557
93 3.7 0.989332 132.757
94 3.74 1.00089 137.098
95 3.78 0.995084 141.507
96 3.82 0.999649 146.03
97 3.86 1.00019 150.651
98 3.9 1.00084 155.372
99 3.94 1.00524 160.211
100 3.98 1.00578 165.151
250000 100
1 0.02 0 0
2 0.06 0 0
3 0.1 0 0
4 0.14 0 0
5 0.18 0 0
6 0.22 0 0
7 0.26 0 0
8 0.3 0 0
9 0.34 0 0
10 0.38 0 0
11 0.42 0 0
12 0.46 0 0
13 0.5 0 0
14 0.54 0 0
15 0.58 0 0
16 0.62 0 0
17 0.66 0 0
18 0.7 0 0
19 0.74 0 0
20 0.78 0 0
21 0.82 0 0
22 0.86 0 0
23 0.9 0.00589142 0.00148
24 0.94 0.126188 0.03606
25 0.98 0.672352 0.23632
26 1.02 1.53668 0.73214
27 1.06 2.09421 1.46188
28 1.1 2.24406 2.30396
29 1.14 2.13561 3.16468
30 1.18 1.89408 3.98256
31 1.22 1.64636 4.74248
32 1.26 1.42671 5.4449
33 1.3 1.25753 6.10396
34 1.34 1.11602 6.7254
35 1.38 1.00787 7.32062
36 1.42 0.933212 7.90416
37 1.46 0.872796 8.4811
38 1.5 0.840887 9.06782
39 1.54 0.810311 9.66376
40 1.58 0.785512 10.2719
41 1.62 0.788586 10.9136
42 1.66 0.782287 11.5821
43 1.7 0.802325 12.3012
44 1.74 0.819118 13.0702
45 1.78 0.850402 13.9057
46 1.82 0.886994 14.8168
47 1.86 0.919277 15.8031
48 1.9 0.961661 16.8796
49 1.94 0.999239 18.0458
50 1.98 1.04813 19.32
51 2.02 1.08812 20.6968
52 2.06 1.10792 22.1548
53 2.1 1.11748 23.683
54 2.14 1.13496 25.2947
55 2.18 1.13008 26.9601
56 2.22 1.11569 28.6652
57 2.26 1.08063 30.3768
58 2.3 1.07134 32.1342
59 2.34 1.04841 33.9144
60 2.38 1.02246 35.7103
61 2.42 0.999791 37.526
62 2.46 0.988346 39.3807
63 2.5 0.970264 41.2612
64 2.54 0.962249 43.1862
65 2.58 0.956218 45.16
66 2.62 0.953994 47.1907
67 2.66 0.948717 49.2722
68 2.7 0.956842 51.4353
69 2.74 0.963627 53.6786
70 2.78 0.973852 56.0125
71 2.82 0.982107 58.4344
72 2.86 0.989546 60.9443
73 2.9 1.0007 63.554
74 2.94 1.00959 66.26
75 2.98 1.01424 69.053
76 3.02 1.02219 71.9439
77 3.06 1.02291 74.914
78 3.1 1.02991 77.9831
79 3.14 1.03165 81.1372
80 3.18 1.02872 84.3631
81 3.22 1.02633 87.6629
82 3.26 1.02257 91.0328
83 3.3 1.01851 94.4722
84 3.34 1.01023 97.9668
85 3.38 1.00495 101.527
86 3.42 0.998932 105.15
87 3.46 0.999076 108.859
88 3.5 0.995362 112.64
89 3.54 0.9886 116.482
90 3.58 0.990063 120.416
91 3.62 0.989867 124.439
92 3.66 0.99365 128.566
93 3.7 0.997888 132.802
94 3.74 0.992478 137.107
95 3.78 0.99911 141.534
96 3.82 1.00056 146.061
97 3.86 1.00018 150.682
98 3.9 1.00256 155.411
99 3.94 1.00537 160.251
100 3.98 1.00727 165.198
300000 100
1 0.02 0 0
2 0.06 0 0
3 0.1 0 0
4 0.14 0 0
5 0.18 0 0
6 0.22 0 0
7 0.26 0 0
8 0.3 0 0
9 0.34 0 0
10 0.38 0 0
11 0.42 0 0
12 0.46 0 0
13 0.5 0 0
14 0.54 0 0
15 0.58 0 0
16 0.62 0 0
17 0.66 0 0
18 0.7 0 0
19 0.74 0 0
20 0.78 0 0
21 0.82 0 0
22 0.86 0 0
23 0.9 0.00565258 0.00142
24 0.94 0.126772 0.03616
25 0.98 0.672352 0.23642
26 1.02 1.50624 0.72242
27 1.06 2.10666 1.4565
28 1.1 2.26016 2.30462
29 1.14 2.12415 3.16072
30 1.18 1.88084 3.97288
31 1.22 1.64792 4.73352
32 1.26 1.42553 5.43536
33 1.3 1.25948 6.09544
34 1.34 1.12173 6.72006
35 1.38 1.01786 7.32118
36 1.42 0.944918 7.91204
37 1.46 0.87446 8.49008
38 1.5 0.835355 9.07294
39 1.54 0.806422 9.66602
40 1.58 0.786313 10.2747
41 1.62 0.787702 10.9158
42 1.66 0.788958 11.59
43 1.7 0.795407 12.3028
44 1.74 0.815624 13.0686
45 1.78 0.848325 13.9021
46 1.82 0.870873 14.7966
47 1.86 0.911838 15.7749
48 1.9 0.961965 16.8517
49 1.94 1.00721 18.0272
50 1.98 1.0437 19.2961
51 2.02 1.07579 20.6573
52 2.06 1.11647 22.1265
53 2.1 1.12899 23.6704
54 2.14 1.13333 25.2799
55 2.18 1.12422 26.9366
56 2.22 1.11902 28.6468
57 2.26 1.0919 30.3762
58 2.3 1.06363 32.121
59 2.34 1.03957 33.8861
60 2.38 1.02419 35.6851
61 2.42 1.00209 37.505
62 2.46 0.987738 39.3585
63 2.5 0.96592 41.2306
64 2.54 0.961849 43.1549
65 2.58 0.955869 45.1279
66 2.62 0.951062 47.1523
67 2.66 0.953968 49.2454
68 2.7 0.959841 51.4152
69 2.74 0.963292 53.6578
70 2.78 0.971023 55.9849
71 2.82 0.981417 58.4051
72 2.86 0.99102 60.9187
73 2.9 0.998995 63.524
74 2.94 1.00707 66.2233
75 2.98 1.01227 69.0108
76 3.02 1.02293 71.9038
77 3.06 1.02368 74.8762
78 3.1 1.02795 77.9394
79 3.14 1.02746 81.0808
80 3.18 1.02794 84.3042
81 3.22 1.02337 87.5945
82 3.26 1.02022 90.9566
83 3.3 1.0208 94.4038
84 3.34 1.0133 97.909
85 3.38 1.00671 101.475
86 3.42 1.00134 105.107
87 3.46 1.00136 108.825
88 3.5 0.994598 112.603
89 3.54 0.992167 116.458
90 3.58 0.994703 120.411
91 3.62 0.99123 124.439
92 3.66 0.988715 128.546
93 3.7 0.992103 132.758
94 3.74 0.995604 137.076
95 3.78 0.997752 141.497
96 3.82 0.994875 145.999
97 3.86 1.00266 150.631
98 3.9 1.00412 155.367
99 3.94 1.00555 160.208
100 3.98 1.00868 165.162
350000 100
1 0.02 0 0
2 0.06 0 0
3 0.1 0 0
4 0.14 0 0
5 0.18 0 0
6 0.22 0 0
7 0.26 0 0
8 0.3 0 0
9 0.34 0 0
10 0.38 0 0
11 0.42 0 0
12 0.46 0 0
13 0.5 0 0
14 0.54 0 0
15 0.58 0 0
16 0.62 0 0
17 0.66 0 0
18 0.7 0 0
19 0.74 0 0
20 0.78 0 0
21 0.82 0 0
22 0.86 8.71906e-05 2e-05
23 0.9 0.00421953 0.00108
24 0.94 0.124437 0.03518
25 0.98 0.664899 0.23322
26 1.02 1.5006 0.7174
27 1.06 2.09438 1.4472
28 1.1 2.26959 2.29886
29 1.14 2.12261 3.15434
30 1.18 1.89251 3.97154
31 1.22 1.63457 4.72602
32 1.26 1.42699 5.42858
33 1.3 1.25681 6.08726
34 1.34 1.12475 6.71356
35 1.38 1.02907 7.3213
36 1.42 0.934395 7.90558
37 1.46 0.880965 8.48792
38 1.5 0.840859 9.07462
39 1.54 0.801745 9.66426
40 1.58 0.784995 10.272
41 1.62 0.780034 10.9068
42 1.66 0.782685 11.5756
43 1.7 0.806632 12.2985
44 1.74 0.822569 13.0708
45 1.78 0.847531 13.9035
46 1.82 0.876519 14.8038
47 1.86 0.917767 15.7884
48 1.9 0.952156 16.8543
49 1.94 1.0004 18.0219
50 1.98 1.0424 19.2892
51 2.02 1.08187 20.6581
52 2.06 1.11403 22.1241
53 2.1 1.12818 23.6669
54 2.14 1.13248 25.2751
55 2.18 1.11843 26.9234
56 2.22 1.11083 28.621
57 2.26 1.09223 30.351
58 2.3 1.06432 32.0969
59 2.34 1.05041 33.8804
60 2.38 1.02463 35.6802
61 2.42 1.00461 37.5046
62 2.46 0.981962 39.3473
63 2.5 0.970945 41.2291
64 2.54 0.961899 43.1535
65 2.58 0.951034 45.1165
66 2.62 0.954125 47.1475
67 2.66 0.957541 49.2484
68 2.7 0.958992 51.4163
69 2.74 0.967175 53.668
70 2.78 0.971957 55.9973
71 2.82 0.974905 58.4014
72 2.86 0.990744 60.9143
73 2.9 0.996978 63.5143
74 2.94 1.00776 66.2155
75 2.98 1.01593 69.0131
76 3.02 1.02114 71.901
77 3.06 1.02623 74.8808
78 3.1 1.03099 77.9531
79 3.14 1.02765 81.095
80 3.18 1.02972 84.324
81 3.22 1.0242 87.617
82 3.26 1.01976 90.9776
83 3.3 1.0162 94.4092
84 3.34 1.00753 97.8945
85 3.38 1.00574 101.457
86 3.42 1.00411 105.099
87 3.46 0.999895 108.811
88 3.5 0.996567 112.597
89 3.54 0.991601 116.45
90 3.58 0.993309 120.398
91 3.62 0.994547 124.439
92 3.66 0.990858 128.555
93 3.7 0.996027 132.783
94 3.74 0.99322 137.091
95 3.78 0.995607 141.503
96 3.82 0.998968 146.023
97 3.86 1.0026 150.655
98 3.9 1.00445 155.393
99 3.94 1.00554 160.233
100 3.98 1.00653 165.177
400000 100
1 0.02 0 0
2 0.06 0 0
3 0.1 0 0
4 0.14 0 0
5 0.18 0 0
6 0.22 0 0
7 0.26 0 0
8 0.3 0 0
9 0.34 0 0
10 0.38 0 0
11 0.42 0 0
12 0.46 0 0
13 0.5 0 0
14 0.54 0 0
15 0.58 0 0
16 0.62 0 0
17 0.66 0 0
18 0.7 0 0
19 0.74 0 0
20 0.78 0 0
21 0.82 0 0
22 0.86 0 0
23 0.9 0.00477683 0.0012
24 0.94 0.120204 0.03414
25 0.98 0.668793 0.23334
26 1.02 1.51176 0.72112
27 1.06 2.09237 1.45022
28 1.1 2.25702 2.29716
29 1.14 2.11949 3.15138
30 1.18 1.88459 3.96516
31 1.22 1.65364 4.72844
32 1.26 1.4369 5.43588
33 1.3 1.25597 6.09412
34 1.34 1.12288 6.71938
35 1.38 1.01613 7.31948
36 1.42 0.937178 7.9055
37 1.46 0.879241 8.4867
38 1.5 0.833062 9.06796
39 1.54 0.809359 9.6632
40 1.58 0.791764 10.2761
41 1.62 0.784679 10.9147
42 1.66 0.786875 11.5871
43 1.7 0.796456 12.3009
44 1.74 0.814517 13.0656
45 1.78 0.843216 13.8941
46 1.82 0.875546 14.7935
47 1.86 0.913647 15.7736
48 1.9 0.950691 16.8379
49 1.94 1.00011 18.0051
50 1.98 1.05007 19.2817
51 2.02 1.07555 20.6426
52 2.06 1.10512 22.0969
53 2.1 1.1333 23.6467
54 2.14 1.13365 25.2566
55 2.18 1.12692 26.9174
56 2.22 1.11258 28.6177
57 2.26 1.09727 30.3556
58 2.3 1.07181 32.1138
59 2.34 1.04733 33.8921
60 2.38 1.01853 35.6812
61 2.42 0.999724 37.4967
62 2.46 0.98145 39.3385
63 2.5 0.972637 41.2235
64 2.54 0.961069 43.1463
65 2.58 0.956528 45.1206
66 2.62 0.951278 47.1455
67 2.66 0.953257 49.2371
68 2.7 0.957222 51.401
69 2.74 0.960878 53.6379
70 2.78 0.973009 55.9698
71 2.82 0.978741 58.3833
72 2.86 0.987961 60.8892
73 2.9 0.999762 63.4965
74 2.94 1.00997 66.2035
75 2.98 1.01792 69.0066
76 3.02 1.01885 71.8881
77 3.06 1.0285 74.8744
78 3.1 1.02345 77.9243
79 3.14 1.02898 81.0703
80 3.18 1.02743 84.2921
81 3.22 1.02518 87.5882
82 3.26 1.02187 90.9558
83 3.3 1.01852 94.3953
84 3.34 1.01441 97.9044
85 3.38 1.01306 101.493
86 3.42 1.00004 105.12
87 3.46 0.997336 108.823
88 3.5 0.991218 112.588
89 3.54 0.993222 116.448
90 3.58 0.99045 120.384
91 3.62 0.994011 124.423
92 3.66 0.991426 128.541
93 3.7 0.994185 132.762
94 3.74 0.996637 137.085
95 3.78 0.99396 141.489
96 3.82 0.998248 146.006
97 3.86 1.00205 150.635
98 3.9 1.0039 155.37
99 3.94 1.00661 160.216
100 3.98 1.00862 165.17
450000 100
1 0.02 0 0
2 0.06 0 0
3 0.1 0 0
4 0.14 0 0
5 0.18 0 0
6 0.22 0 0
7 0.26 0 0
8 0.3 0 0
9 0.34 0 0
10 0.38 0 0
11 0.42 0 0
12 0.46 0 0
13 0.5 0 0
14 0.54 0 0
15 0.58 0 0
16 0.62 0 0
17 0.66 0 0
18 0.7 0 0
19 0.74 0 0
20 0.78 0 0
21 0.82 0 0
22 0.86 0 0
23 0.9 0.00477683 0.0012
24 0.94 0.127575 0.03616
25 0.98 0.665637 0.23442
26 1.02 1.52472 0.72638
27 1.06 2.08554 1.4531
28 1.1 2.25201 2.29816
29 1.14 2.10763 3.1476
30 1.18 1.88051 3.95962
31 1.22 1.64692 4.7198
32 1.26 1.44811 5.43276
33 1.3 1.25593 6.09098
34 1.34 1.13121 6.72088
35 1.38 1.01237 7.31876
36 1.42 0.942807 7.9083
37 1.46 0.873401 8.48564
38 1.5 0.845445 9.07554
39 1.54 0.801663 9.66512
40 1.58 0.788586 10.2756
41 1.62 0.780255 10.9106
42 1.66 0.787951 11.5839
43 1.7 0.792907 12.2945
44 1.74 0.817627 13.0622
45 1.78 0.859623 13.9068
46 1.82 0.882399 14.8131
47 1.86 0.915753 15.7956
48 1.9 0.952943 16.8624
49 1.94 0.991939 18.02
50 1.98 1.04252 19.2874
51 2.02 1.0796 20.6535
52 2.06 1.11339 22.1186
53 2.1 1.11891 23.6488
54 2.14 1.13409 25.2593
55 2.18 1.11986 26.9096
56 2.22 1.11283 28.6104
57 2.26 1.09288 30.3413
58 2.3 1.06848 32.0941
59 2.34 1.04463 33.8678
60 2.38 1.02343 35.6655
61 2.42 1.00849 37.4969
62 2.46 0.981749 39.3392
63 2.5 0.969635 41.2185
64 2.54 0.966528 43.1521
65 2.58 0.959764 45.1332
66 2.62 0.951241 47.158
67 2.66 0.953576 49.2502
68 2.7 0.960478 51.4215
69 2.74 0.961334 53.6595
70 2.78 0.971991 55.9889
71 2.82 0.977962 58.4006
72 2.86 0.983316 60.8947
73 2.9 0.995275 63.4902
74 2.94 1.00924 66.1953
75 2.98 1.0132 68.9854
76 3.02 1.01894 71.8671
77 3.06 1.0278 74.8514
78 3.1 1.02721 77.9125
79 3.14 1.03092 81.0644
80 3.18 1.02843 84.2894
81 3.22 1.02577 87.5874
82 3.26 1.01942 90.9469
83 3.3 1.01796 94.3845
84 3.34 1.01343 97.8902
85 3.38 1.00521 101.451
86 3.42 1.00767 105.106
87 3.46 0.998332 108.812
88 3.5 0.99801 112.603
89 3.54 0.994267 116.467
90 3.58 0.990108 120.402
91 3.62 0.996289 124.45
92 3.66 0.989057 128.559
93 3.7 0.990515 132.764
94 3.74 0.996715 137.087
95 3.78 0.991292 141.479
96 3.82 0.999556 146.002
97 3.86 1.00045 150.624
98 3.9 1.00648 155.371
99 3.94 1.00385 160.203
100 3.98 1.00534 165.142
500000 100
1 0.02 0 0
2 0.06 0 0
3 0.1 0 0
4 0.14 0 0
5 0.18 0 0
6 0.22 0 0
7 0.26 0 0
8 0.3 0 0
9 0.34 0 0
10 0.38 0 0
11 0.42 0 0
12 0.46 0 0
13 0.5 0 0
14 0.54 0 0
15 0.58 0 0
16 0.62 0 0
17 0.66 0 0
18 0.7 0 0
19 0.74 0 0
20 0.78 0 0
21 0.82 0 0
22 0.86 0 0
23 0.9 0.00469722 0.00118
24 0.94 0.122685 0.0348
25 0.98 0.6743 0.23564
26 1.02 1.50631 0.72166
27 1.06 2.1023 1.45422
28 1.1 2.23809 2.29406
29 1.14 2.12862 3.15196
30 1.18 1.90488 3.9745
31 1.22 1.65481 4.73832
32 1.26 1.42922 5.44198
33 1.3 1.25505 6.09974
34 1.34 1.11775 6.72214
35 1.38 1.01207 7.31984
36 1.42 0.941496 7.90856
37 1.46 0.883023 8.49226
38 1.5 0.830482 9.07172
39 1.54 0.797339 9.65812
40 1.58 0.796518 10.2747
41 1.62 0.78318 10.9121
42 1.66 0.783598 11.5817
43 1.7 0.796166 12.2952
44 1.74 0.814453 13.0599
45 1.78 0.843277 13.8884
46 1.82 0.872041 14.7842
47 1.86 0.9217 15.773
48 1.9 0.955908 16.8431
49 1.94 1.00599 18.0172
50 1.98 1.04805 19.2913
51 2.02 1.0829 20.6615
52 2.06 1.11336 22.1266
53 2.1 1.1341 23.6775
54 2.14 1.13661 25.2917
55 2.18 1.12694 26.9524
56 2.22 1.1081 28.6459
57 2.26 1.09591 30.3817
58 2.3 1.06899 32.1353
59 2.34 1.0426 33.9056
60 2.38 1.0246 35.7053
61 2.42 0.997202 37.5162
62 2.46 0.982932 39.3608
63 2.5 0.972101 41.2448
64 2.54 0.952452 43.1503
65 2.58 0.945182 45.1012
66 2.62 0.952584 47.1289
67 2.66 0.949456 49.2121
68 2.7 0.960018 51.3823
69 2.74 0.958945 53.6148
70 2.78 0.973134 55.9469
71 2.82 0.984629 58.375
72 2.86 0.995751 60.9007
73 2.9 1.00433 63.5199
74 2.94 1.00726 66.2196
75 2.98 1.01975 69.0278
76 3.02 1.02223 71.9188
77 3.06 1.02912 74.9069
78 3.1 1.02772 77.9695
79 3.14 1.03265 81.1267
80 3.18 1.02917 84.354
81 3.22 1.02315 87.6436
82 3.26 1.02123 91.0091
83 3.3 1.01723 94.4442
84 3.34 1.0052 97.9215
85 3.38 1.0112 101.504
86 3.42 1.0018 105.137
87 3.46 0.992385 108.821
88 3.5 0.994893 112.6
89 3.54 0.994694 116.466
90 3.58 0.990601 120.403
91 3.62 0.990044 124.426
92 3.66 0.989847 128.537
93 3.7 0.990204 132.741
94 3.74 0.993916 137.052
95 3.78 1.00053 141.485
96 3.82 0.999052 146.006
97 3.86 1.00464 150.648
98 3.9 1.00288 155.378
99 3.94 1.00811 160.23
100 3.98 1.00842 165.184
550000 100
1 0.02 0 0
2 0.06 0 0
3 0.1 0 0
4 0.14 0 0
5 0.18 0 0
6 0.22 0 0
7 0.26 0 0
8 0.3 0 0
9 0.34 0 0
10 0.38 0 0
11 0.42 0 0
12 0.46 0 0
13 0.5 0 0
14 0.54 0 0
15 0.58 0 0
16 0.62 0 0
17 0.66 0 0
18 0.7 0 0
19 0.74 0 0
20 0.78 0 0
21 0.82 0 0
22 0.86 0 0
23 0.9 0.00581181 0.00146
24 0.94 0.127283 0.03634
25 0.98 0.677321 0.23808
26 1.02 1.50575 0.72392
27 1.06 2.09082 1.45248
28 1.1 2.25078 2.29708
29 1.14 2.10877 3.14698
30 1.18 1.8794 3.95852
31 1.22 1.65164 4.72088
32 1.26 1.42821 5.42404
33 1.3 1.26841 6.0888
34 1.34 1.1329 6.71964
35 1.38 1.02707 7.3262
36 1.42 0.935739 7.91132
37 1.46 0.867744 8.48492
38 1.5 0.834868 9.06744
39 1.54 0.813874 9.666
40 1.58 0.786881 10.2752
41 1.62 0.778486 10.9087
42 1.66 0.792164 11.5856
43 1.7 0.796567 12.2995
44 1.74 0.811236 13.0612
45 1.78 0.844641 13.891
46 1.82 0.874903 14.7897
47 1.86 0.911969 15.7681
48 1.9 0.948905 16.8304
49 1.94 1.00291 18.0008
50 1.98 1.04857 19.2756
51 2.02 1.08094 20.6433
52 2.06 1.11506 22.1107
53 2.1 1.12346 23.647
54 2.14 1.13688 25.2615
55 2.18 1.13277 26.9309
56 2.22 1.11213 28.6305
57 2.26 1.09733 30.3685
58 2.3 1.07101 32.1254
59 2.34 1.04607 33.9016
60 2.38 1.01956 35.6925
61 2.42 1.00076 37.5099
62 2.46 0.985468 39.3592
63 2.5 0.974897 41.2486
64 2.54 0.962289 43.1738
65 2.58 0.952187 45.1392
66 2.62 0.950001 47.1614
67 2.66 0.953977 49.2545
68 2.7 0.957957 51.4201
69 2.74 0.958043 53.6504
70 2.78 0.965064 55.9632
71 2.82 0.973193 58.3631
72 2.86 0.988765 60.8711
73 2.9 0.996165 63.4689
74 2.94 1.0104 66.1771
75 2.98 1.0164 68.976
76 3.02 1.02575 71.877
77 3.06 1.02905 74.8649
78 3.1 1.02845 77.9297
79 3.14 1.03125 81.0827
80 3.18 1.0288 84.3087
81 3.22 1.03006 87.6205
82 3.26 1.02264 90.9907
83 3.3 1.01913 94.4322
84 3.34 1.01275 97.9356
85 3.38 1.00685 101.502
86 3.42 1.00141 105.135
87 3.46 0.995736 108.831
88 3.5 0.997352 112.62
89 3.54 0.991096 116.471
90 3.58 0.990637 120.408
91 3.62 0.99025 124.432
92 3.66 0.991416 128.55
93 3.7 0.990642 132.755
94 3.74 0.994096 137.067
95 3.78 0.997445 141.487
96 3.82 1.00056 146.014
97 3.86 1.00118 150.64
98 3.9 1.00115 155.362
99 3.94 1.00221 160.186
100 3.98 1.01145 165.154
600000 100
1 0.02 0 0
2 0.06 0 0
3 0.1 0 0
4 0.14 0 0
5 0.18 0 0
6 0.22 0 0
7 0.26 0 0
8 0.3 0 0
9 0.34 0 0
10 0.38 0 0
11 0.42 0 0
12 0.46 0 0
13 0.5 0 0
14 0.54 0 0
15 0.58 0 0
16 0.62 0 0
17 0.66 0 0
18 0.7 0 0
19 0.74 0 0
20 0.78 0 0
21 0.82 0 0
22 0.86 0 0
23 0.9 0.00620988 0.00156
24 0.94 0.122977 0.03526
25 0.98 0.666309 0.23372
26 1.02 1.52174 0.72472
27 1.06 2.086 1.4516
28 1.1 2.26442 2.30132
29 1.14 2.11874 3.15524
30 1.18 1.87023 3.96282
31 1.22 1.64428 4.72178
32 1.26 1.4278 5.42474
33 1.3 1.26681 6.08866
34 1.34 1.12173 6.71328
35 1.38 1.02822 7.32052
36 1.42 0.939705 7.90812
37 1.46 0.884959 8.4931
38 1.5 0.8404 9.07948
39 1.54 0.80422 9.67094
40 1.58 0.78732 10.2804
41 1.62 0.78227 10.9171
42 1.66 0.789145 11.5914
43 1.7 0.794514 12.3035
44 1.74 0.82291 13.0761
45 1.78 0.838534 13.8999
46 1.82 0.87537 14.7991
47 1.86 0.914672 15.7804
48 1.9 0.956033 16.8506
49 1.94 1.00166 18.0196
50 1.98 1.04439 19.2893
51 2.02 1.07735 20.6525
52 2.06 1.10664 22.1088
53 2.1 1.1273 23.6504
54 2.14 1.13562 25.2631
55 2.18 1.13593 26.9371
56 2.22 1.11625 28.6431
57 2.26 1.08695 30.3646
58 2.3 1.07097 32.1215
59 2.34 1.04064 33.8884
60 2.38 1.02454 35.688
61 2.42 0.996861 37.4984
62 2.46 0.98193 39.341
63 2.5 0.970656 41.2222
64 2.54 0.960729 43.1443
65 2.58 0.954765 45.115
66 2.62 0.957987 47.1542
67 2.66 0.954451 49.2484
68 2.7 0.957275 51.4124
69 2.74 0.964761 53.6584
70 2.78 0.971982 55.9878
71 2.82 0.978611 58.401
72 2.86 0.987511 60.9058
73 2.9 0.99878 63.5105
74 2.94 1.00896 66.2148
75 2.98 1.01556 69.0114
76 3.02 1.02321 71.9052
77 3.06 1.02498 74.8813
78 3.1 1.02539 77.9369
79 3.14 1.03112 81.0895
80 3.18 1.02986 84.3189
81 3.22 1.02343 87.6094
82 3.26 1.02033 90.9719
83 3.3 1.01622 94.4036
84 3.34 1.01138 97.9022
85 3.38 1.00894 101.477
86 3.42 1.00137 105.108
87 3.46 0.996846 108.809
88 3.5 0.996768 112.595
89 3.54 0.994977 116.462
90 3.58 0.989595 120.395
91 3.62 0.989443 124.415
92 3.66 0.992384 128.538
93 3.7 0.989771 132.739
94 3.74 0.995747 137.058
95 3.78 1.0004 141.491
96 3.82 0.999967 146.016
97 3.86 1.00275 150.648
98 3.9 1.00182 155.374
99 3.94 1.00893 160.23
100 3.98 1.01031 165.193
650000 100
1 0.02 0 0
2 0.06 0 0
3 0.1 0 0
4 0.14 0 0
5 0.18 0 0
6 0.22 0 0
7 0.26 0 0
8 0.3 0 0
9 0.34 0 0
10 0.38 0 0
11 0.42 0 0
12 0.46 0 0
13 0.5 0 0
14 0.54 0 0
15 0.58 0 0
16 0.62 0 0
17 0.66 0 0
18 0.7 0 0
19 0.74 0 0
20 0.78 0 0
21 0.82 0 0
22 0.86 8.71906e-05 2e-05
23 0.9 0.00485644 0.00124
24 0.94 0.120714 0.03432
25 0.98 0.671546 0.23434
26 1.02 1.51294 0.7225
27 1.06 2.07825 1.44668
28 1.1 2.25147 2.29154
29 1.14 2.12465 3.14784
30 1.18 1.89862 3.96768
31 1.22 1.64584 4.72736
32 1.26 1.43032 5.43156
33 1.3 1.25578 6.0897
34 1.34 1.12245 6.71472
35 1.38 1.01183 7.31228
36 1.42 0.95074 7.90678
37 1.46 0.881147 8.48924
38 1.5 0.842521 9.0771
39 1.54 0.807293 9.67082
40 1.58 0.78949 10.282
41 1.62 0.780403 10.9171
42 1.66 0.788607 11.591
43 1.7 0.794269 12.3028
44 1.74 0.814985 13.068
45 1.78 0.846534 13.8997
46 1.82 0.87465 14.7981
47 1.86 0.913796 15.7785
48 1.9 0.954944 16.8475
49 1.94 0.997971 18.0122
50 1.98 1.03561 19.2712
51 2.02 1.0798 20.6375
52 2.06 1.1151 22.1049
53 2.1 1.12944 23.6495
54 2.14 1.1305 25.2549
55 2.18 1.12977 26.9198
56 2.22 1.11688 28.6267
57 2.26 1.09307 30.358
58 2.3 1.06424 32.1038
59 2.34 1.04894 33.8848
60 2.38 1.01736 35.6718
61 2.42 1.00264 37.4927
62 2.46 0.984157 39.3395
63 2.5 0.976445 41.232
64 2.54 0.95901 43.1506
65 2.58 0.957788 45.1275
66 2.62 0.9525 47.155
67 2.66 0.954861 49.2501
68 2.7 0.957134 51.4138
69 2.74 0.966849 53.6647
70 2.78 0.973334 55.9973
71 2.82 0.978716 58.4108
72 2.86 0.985233 60.9098
73 2.9 0.996433 63.5083
74 2.94 1.00665 66.2065
75 2.98 1.01268 68.9951
76 3.02 1.02173 71.8848
77 3.06 1.02163 74.8511
78 3.1 1.0319 77.9262
79 3.14 1.0286 81.071
80 3.18 1.02422 84.2828
81 3.22 1.02721 87.5854
82 3.26 1.01985 90.9464
83 3.3 1.01667 94.3795
84 3.34 1.01628 97.8951
85 3.38 1.00941 101.471
86 3.42 0.998226 105.092
87 3.46 1.00189 108.811
88 3.5 0.995436 112.592
89 3.54 0.992589 116.449
90 3.58 0.993505 120.398
91 3.62 0.991771 124.428
92 3.66 0.993386 128.554
93 3.7 0.992644 132.768
94 3.74 0.99452 137.082
95 3.78 0.998 141.504
96 3.82 0.999017 146.024
97 3.86 0.998877 150.639
98 3.9 1.00307 155.37
99 3.94 1.00212 160.194
100 3.98 1.00678 165.139
700000 100
1 0.02 0 0
2 0.06 0 0
3 0.1 0 0
4 0.14 0 0
5 0.18 0 0
6 0.22 0 0
7 0.26 0 0
8 0.3 0 0
9 0.34 0 0
10 0.38 0 0
11 0.42 0 0
12 0.46 0 0
13 0.5 0 0
14 0.54 0 0
15 0.58 0 0
16 0.62 0 0
17 0.66 0 0
18 0.7 0 0
19 0.74 0 0
20 0.78 0 0
21 0.82 0 0
22 0.86 0 0
23 0.9 0.0051749 0.0013
24 0.94 0.121371 0.03456
25 0.98 0.675441 0.23574
26 1.02 1.51474 0.72448
27 1.06 2.0961 1.45488
28 1.1 2.24971 2.29908
29 1.14 2.11105 3.1499
30 1.18 1.89056 3.96626
31 1.22 1.64099 4.7237
32 1.26 1.42439 5.42498
33 1.3 1.25375 6.08206
34 1.34 1.12277 6.70726
35 1.38 1.02487 7.31252
36 1.42 0.943415 7.90244
37 1.46 0.878696 8.48328
38 1.5 0.830368 9.06266
39 1.54 0.807102 9.65624
40 1.58 0.793753 10.2707
41 1.62 0.782393 10.9075
42 1.66 0.784066 11.5775
43 1.7 0.799067 12.2936
44 1.74 0.815837 13.0595
45 1.78 0.843277 13.8881
46 1.82 0.878233 14.7902
47 1.86 0.918196 15.7752
48 1.9 0.9543 16.8435
49 1.94 1.0087 18.0208
50 1.98 1.03401 19.2778
51 2.02 1.08077 20.6454
52 2.06 1.10708 22.1022
53 2.1 1.1211 23.6353
54 2.14 1.1319 25.2428
55 2.18 1.12568 26.9017
56 2.22 1.1107 28.5992
57 2.26 1.09248 30.3295
58 2.3 1.06387 32.0747
59 2.34 1.04211 33.8441
60 2.38 1.02489 35.6443
61 2.42 1.00611 37.4715
62 2.46 0.98922 39.3278
63 2.5 0.976084 41.2196
64 2.54 0.95844 43.137
65 2.58 0.963301 45.1254
66 2.62 0.954821 47.1578
67 2.66 0.951652 49.2458
68 2.7 0.950551 51.3946
69 2.74 0.962253 53.6348
70 2.78 0.9667 55.9515
71 2.82 0.978311 58.364
72 2.86 0.988623 60.8716
73 2.9 0.996855 63.4713
74 2.94 1.00661 66.1693
75 2.98 1.01964 68.9772
76 3.02 1.01979 71.8613
77 3.06 1.02398 74.8345
78 3.1 1.02463 77.8879
79 3.14 1.03003 81.0371
80 3.18 1.02563 84.2533
81 3.22 1.02631 87.553
82 3.26 1.02589 90.9339
83 3.3 1.02033 94.3794
84 3.34 1.00926 97.8707
85 3.38 1.01319 101.46
86 3.42 1.00355 105.1
87 3.46 0.997508 108.803
88 3.5 0.994125 112.579
89 3.54 0.994138 116.442
90 3.58 0.998266 120.41
91 3.62 0.992701 124.444
92 3.66 0.993092 128.569
93 3.7 0.989361 132.769
94 3.74 0.992053 137.072
95 3.78 0.99781 141.493
96 3.82 0.998889 146.013
97 3.86 0.997959 150.623
98 3.9 1.00204 155.35
99 3.94 1.00198 160.173
100 3.98 1.00827 165.125
750000 100
1 0.02 0 0
2 0.06 0 0
3 0.1 0 0
4 0.14 0 0
5 0.18 0 0
6 0.22 0 0
7 0.26 0 0
8 0.3 0 0
9 0.34 0 0
10 0.38 0 0
11 0.42 0 0
12 0.46 0 0
13 0.5 0 0
14 0.54 0 0
15 0.58 0 0
16 0.62 0 0
17 0.66 0 0
18 0.7 0 0
19 0.74 0 0
20 0.78 0 0
21 0.82 0 0
22 0.86 0 0
23 0.9 0.0046176 0.00116
24 0.94 0.122758 0.0348
25 0.98 0.680007 0.23734
26 1.02 1.51325 0.7256
27 1.06 2.08371 1.45168
28 1.1 2.24817 2.2953
29 1.14 2.13487 3.15572
30 1.18 1.86537 3.9612
31 1.22 1.64848 4.7221
32 1.26 1.44726 5.43464
33 1.3 1.26017 6.09508
34 1.34 1.12701 6.72264
35 1.38 1.00963 7.3189
36 1.42 0.944471 7.90948
37 1.46 0.879543 8.49088
38 1.5 0.839769 9.07682
39 1.54 0.801038 9.66594
40 1.58 0.791144 10.2784
41 1.62 0.792641 10.9235
42 1.66 0.78416 11.5936
43 1.7 0.790319 12.3018
44 1.74 0.820439 13.0721
45 1.78 0.851664 13.9089
46 1.82 0.875877 14.8086
47 1.86 0.919911 15.7955
48 1.9 0.962697 16.8732
49 1.94 0.995486 18.035
50 1.98 1.04538 19.3059
51 2.02 1.07718 20.6689
52 2.06 1.10112 22.1179
53 2.1 1.12428 23.6553
54 2.14 1.13276 25.264
55 2.18 1.12553 26.9227
56 2.22 1.11162 28.6216
57 2.26 1.0972 30.3594
58 2.3 1.07133 32.1168
59 2.34 1.04905 33.898
60 2.38 1.01857 35.6871
61 2.42 0.999218 37.5018
62 2.46 0.98987 39.3593
63 2.5 0.97241 41.2439
64 2.54 0.95892 43.1624
65 2.58 0.950802 45.1249
66 2.62 0.952397 47.1522
67 2.66 0.954815 49.2472
68 2.7 0.958257 51.4134
69 2.74 0.962201 53.6534
70 2.78 0.971832 55.9825
71 2.82 0.978822 58.3962
72 2.86 0.987921 60.902
73 2.9 1.00173 63.5144
74 2.94 1.00668 66.2126
75 2.98 1.01739 69.0143
76 3.02 1.01836 71.8944
77 3.06 1.02748 74.8777
78 3.1 1.02661 77.937
79 3.14 1.03221 81.0929
80 3.18 1.02463 84.3059
81 3.22 1.02939 87.6155
82 3.26 1.02251 90.9852
83 3.3 1.01662 94.4183
84 3.34 1.00986 97.9116
85 3.38 1.00616 101.476
86 3.42 1.00228 105.111
87 3.46 0.998004 108.816
88 3.5 0.997173 112.604
89 3.54 0.988749 116.446
90 3.58 0.992076 120.389
91 3.62 0.990664 124.415
92 3.66 0.989201 128.524
93 3.7 0.992216 132.736
94 3.74 0.99476 137.05
95 3.78 0.997941 141.472
96 3.82 1.00215 146.007
97 3.86 1.00323 150.642
98 3.9 1.00255 155.37
99 3.94 1.01103 160.237
100 3.98 1.01005 165.199
800000 100
1 0.02 0 0
2 0.06 0 0
3 0.1 0 0
4 0.14 0 0
5 0.18 0 0
6 0.22 0 0
7 0.26 0 0
8 0.3 0 0
9 0.34 0 0
10 0.38 0 0
11 0.42 0 0
12 0.46 0 0
13 0.5 0 0
14 0.54 0 0
15 0.58 0 0
16 0.62 0 0
17 0.66 0 0
18 0.7 0 0
19 0.74 0 0
20 0.78 0 0
21 0.82 0 0
22 0.86 0 0
23 0.9 0.00445838 0.00112
24 0.94 0.121955 0.03454
25 0.98 0.674971 0.23558
26 1.02 1.50265 0.72042
27 1.06 2.1089 1.45528
28 1.1 2.24129 2.29632
29 1.14 2.12524 3.15286
30 1.18 1.87125 3.96088
31 1.22 1.65004 4.7225
32 1.26 1.43629 5.42964
33 1.3 1.26803 6.0942
34 1.34 1.12795 6.72228
35 1.38 1.02463 7.3274
36 1.42 0.946454 7.91922
37 1.46 0.881359 8.50182
38 1.5 0.82624 9.07832
39 1.54 0.811154 9.67488
40 1.58 0.788948 10.2856
41 1.62 0.777036 10.918
42 1.66 0.788607 11.5919
43 1.7 0.796924 12.3061
44 1.74 0.812599 13.069
45 1.78 0.840855 13.8952
46 1.82 0.873404 14.7923
47 1.86 0.922539 15.782
48 1.9 0.959499 16.8562
49 1.94 0.996411 18.0191
50 1.98 1.04199 19.2858
51 2.02 1.08015 20.6526
52 2.06 1.11444 22.1191
53 2.1 1.12586 23.6587
54 2.14 1.13861 25.2757
55 2.18 1.12819 26.9383
56 2.22 1.11966 28.6495
57 2.26 1.09061 30.3768
58 2.3 1.06892 32.1303
59 2.34 1.04056 33.8971
60 2.38 1.02559 35.6986
61 2.42 1.00115 37.5167
62 2.46 0.985053 39.3652
63 2.5 0.97627 41.2573
64 2.54 0.955281 43.1684
65 2.58 0.953999 45.1376
66 2.62 0.953223 47.1666
67 2.66 0.951324 49.2539
68 2.7 0.958602 51.4209
69 2.74 0.96532 53.6683
70 2.78 0.976881 56.0094
71 2.82 0.978822 58.4231
72 2.86 0.987669 60.9283
73 2.9 0.999808 63.5357
74 2.94 1.00437 66.2277
75 2.98 1.01422 69.0206
76 3.02 1.02191 71.9108
77 3.06 1.02655 74.8914
78 3.1 1.03169 77.9659
79 3.14 1.0265 81.1043
80 3.18 1.03093 84.337
81 3.22 1.02542 87.6339
82 3.26 1.02414 91.009
83 3.3 1.01491 94.4362
84 3.34 1.01068 97.9325
85 3.38 1.01094 101.514
86 3.42 1.00152 105.146
87 3.46 0.996829 108.847
88 3.5 0.996515 112.632
89 3.54 0.991832 116.486
90 3.58 0.990994 120.425
91 3.62 0.99119 124.453
92 3.66 0.991633 128.572
93 3.7 0.992296 132.784
94 3.74 0.993833 137.095
95 3.78 0.998542 141.519
96 3.82 0.998062 146.035
97 3.86 1.00191 150.664
98 3.9 1.00333 155.397
99 3.94 1.00761 160.247
100 3.98 1.00907 165.203
850000 100
1 0.02 0 0
2 0.06 0 0
3 0.1 0 0
4 0.14 0 0
5 0.18 0 0
6 0.22 0 0
7 0.26 0 0
8 0.3 0 0
9 0.34 0 0
10 0.38 0 0
11 0.42 0 0
12 0.46 0 0
13 0.5 0 0
14 0.54 0 0
15 0.58 0 0
16 0.62 0 0
17 0.66 0 0
18 0.7 0 0
19 0.74 0 0
20 0.78 0 0
21 0.82 0 0
22 0.86 0 0
23 0.9 0.00398069 0.001
24 0.94 0.126699 0.03572
25 0.98 0.670539 0.23544
26 1.02 1.50283 0.72034
27 1.06 2.11039 1.45572
28 1.1 2.25153 2.3006
29 1.14 2.12058 3.15526
30 1.18 1.87722 3.96586
31 1.22 1.64372 4.72456
32 1.26 1.41996 5.42366
33 1.3 1.2644 6.08632
34 1.34 1.12303 6.71166
35 1.38 1.02189 7.31516
36 1.42 0.948501 7.90826
37 1.46 0.879271 8.48948
38 1.5 0.828476 9.06754
39 1.54 0.809631 9.66298
40 1.58 0.79241 10.2764
41 1.62 0.780894 10.9119
42 1.66 0.791603 11.5884
43 1.7 0.794224 12.3002
44 1.74 0.818628 13.0687
45 1.78 0.848346 13.9023
46 1.82 0.874825 14.8009
47 1.86 0.914318 15.7818
48 1.9 0.956373 16.8524
49 1.94 1.00652 18.0271
50 1.98 1.04418 19.2965
51 2.02 1.07678 20.659
52 2.06 1.10706 22.1158
53 2.1 1.1258 23.6554
54 2.14 1.13135 25.262
55 2.18 1.13032 26.9278
56 2.22 1.11486 28.6316
57 2.26 1.09027 30.3584
58 2.3 1.06842 32.1111
59 2.34 1.04384 33.8835
60 2.38 1.0131 35.663
61 2.42 1.0013 37.4814
62 2.46 0.987035 39.3336
63 2.5 0.966683 41.2071
64 2.54 0.962939 43.1336
65 2.58 0.956402 45.1077
66 2.62 0.953176 47.1367
67 2.66 0.953895 49.2296
68 2.7 0.960337 51.4005
69 2.74 0.965895 53.6492
70 2.78 0.973159 55.9814
71 2.82 0.977946 58.393
72 2.86 0.992124 60.9094
73 2.9 1.0005 63.5186
74 2.94 1.00575 66.2143
75 2.98 1.01464 69.0084
76 3.02 1.02179 71.8982
77 3.06 1.02673 74.8794
78 3.1 1.03062 77.9506
79 3.14 1.02675 81.0898
80 3.18 1.02833 84.3144
81 3.22 1.02547 87.6114
82 3.26 1.0207 90.9752
83 3.3 1.01734 94.4106
84 3.34 1.00474 97.8863
85 3.38 1.00681 101.453
86 3.42 1.00596 105.102
87 3.46 0.99566 108.798
88 3.5 0.995304 112.579
89 3.54 0.99157 116.432
90 3.58 0.993148 120.379
91 3.62 0.990816 124.405
92 3.66 0.991031 128.522
93 3.7 0.994006 132.741
94 3.74 0.996692 137.064
95 3.78 0.998727 141.489
96 3.82 0.997315 146.002
97 3.86 1.00112 150.628
98 3.9 1.0071 155.378
99 3.94 1.0076 160.228
100 3.98 1.00712 165.175
900000 100
1 0.02 0 0
2 0.06 0 0
3 0.1 0 0
4 0.14 0 0
5 0.18 0 0
6 0.22 0 0
7 0.26 0 0
8 0.3 0 0
9 0.34 0 0
10 0.38 0 0
11 0.42 0 0
12 0.46 0 0
13 0.5 0 0
14 0.54 0 0
15 0.58 0 0
16 0.62 0 0
17 0.66 0 0
18 0.7 0 0
19 0.74 0 0
20 0.78 0 0
21 0.82 0 0
22 0.86 0 0
23 0.9 0.00628949 0.00158
24 0.94 0.121079 0.03476
25 0.98 0.671949 0.2349
26 1.02 1.51796 0.72468
27 1.06 2.09209 1.45368
28 1.1 2.25627 2.30034
29 1.14 2.1173 3.15368
30 1.18 1.88635 3.96822
31 1.22 1.63496 4.72288
32 1.26 1.43442 5.4291
33 1.3 1.25906 6.08896
34 1.34 1.12274 6.71414
35 1.38 1.02795 7.32122
36 1.42 0.935419 7.90614
37 1.46 0.878817 8.48706
38 1.5 0.841661 9.07432
39 1.54 0.805824 9.66696
40 1.58 0.790808 10.2792
41 1.62 0.784826 10.9179
42 1.66 0.786453 11.5899
43 1.7 0.79168 12.2994
44 1.74 0.811683 13.0615
45 1.78 0.848753 13.8954
46 1.82 0.873949 14.7931
47 1.86 0.922166 15.7824
48 1.9 0.958374 16.8553
49 1.94 1.00219 18.0249
50 1.98 1.05045 19.302
51 2.02 1.07719 20.665
52 2.06 1.107 22.1217
53 2.1 1.13075 23.668
54 2.14 1.12899 25.2713
55 2.18 1.12075 26.923
56 2.22 1.11103 28.621
57 2.26 1.09253 30.3514
58 2.3 1.07086 32.108
59 2.34 1.04535 33.883
60 2.38 1.0257 35.6846
61 2.42 1.00204 37.5043
62 2.46 0.984946 39.3527
63 2.5 0.973504 41.2394
64 2.54 0.960909 43.1618
65 2.58 0.956984 45.1371
66 2.62 0.953317 47.1664
67 2.66 0.958653 49.2697
68 2.7 0.955373 51.4294
69 2.74 0.963301 53.6721
70 2.78 0.970105 55.9969
71 2.82 0.977338 58.407
72 2.86 0.987385 60.9115
73 2.9 0.996587 63.5105
74 2.94 1.00843 66.2134
75 2.98 1.01533 69.0093
76 3.02 1.02441 71.9065
77 3.06 1.02564 74.8846
78 3.1 1.03079 77.9563
79 3.14 1.02936 81.1034
80 3.18 1.02771 84.3261
81 3.22 1.0221 87.6123
82 3.26 1.01678 90.9631
83 3.3 1.01766 94.3997
84 3.34 1.0121 97.9008
85 3.38 1.01039 101.48
86 3.42 1.00541 105.127
87 3.46 0.997039 108.828
88 3.5 0.999168 112.624
89 3.54 0.992331 116.48
90 3.58 0.992207 120.423
91 3.62 0.987952 124.438
92 3.66 0.991696 128.557
93 3.7 0.995071 132.781
94 3.74 0.997725 137.109
95 3.78 0.996045 141.522
96 3.82 0.999229 146.043
97 3.86 1.00391 150.682
98 3.9 1.00175 155.406
99 3.94 1.00475 160.243
100 3.98 1.00561 165.182
950000 100
1 0.02 0 0
2 0.06 0 0
3 0.1 0 0
4 0.14 0 0
5 0.18 0 0
6 0.22 0 0
7 0.26 0 0
8 0.3 0 0
9 0.34 0 0
10 0.38 0 0
11 0.42 0 0
12 0.46 0 0
13 0.5 0 0
14 0.54 0 0
15 0.58 0 0
16 0.62 0 0
17 0.66 0 0
18 0.7 0 0
19 0.74 0 0
20 0.78 0 0
21 0.82 0 0
22 0.86 8.71906e-05 2e-05
23 0.9 0.00525451 0.00134
24 0.94 0.125385 0.0357
25 0.98 0.662549 0.23304
26 1.02 1.50897 0.71992
27 1.06 2.10224 1.45246
28 1.1 2.24652 2.29546
29 1.14 2.12887 3.15346
30 1.18 1.88626 3.96796
31 1.22 1.63249 4.72148
32 1.26 1.43158 5.4263
33 1.3 1.26898 6.09136
34 1.34 1.12956 6.72034
35 1.38 1.03642 7.33242
36 1.42 0.937754 7.9188
37 1.46 0.875065 8.49724
38 1.5 0.840199 9.08348
39 1.54 0.808897 9.67838
40 1.58 0.786364 10.2871
41 1.62 0.776176 10.9188
42 1.66 0.783879 11.5887
43 1.7 0.792863 12.2992
44 1.74 0.817563 13.0668
45 1.78 0.841038 13.8931
46 1.82 0.877863 14.7949
47 1.86 0.917897 15.7796
48 1.9 0.95514 16.8488
49 1.94 1.00301 18.0194
50 1.98 1.04959 19.2954
51 2.02 1.0747 20.6553
52 2.06 1.11567 22.1234
53 2.1 1.1278 23.6657
54 2.14 1.13438 25.2767
55 2.18 1.1313 26.9439
56 2.22 1.11092 28.6417
57 2.26 1.09374 30.374
58 2.3 1.0657 32.1222
59 2.34 1.04383 33.8946
60 2.38 1.01738 35.6816
61 2.42 1.00812 37.5124
62 2.46 0.984765 39.3604
63 2.5 0.972214 41.2446
64 2.54 0.964548 43.1743
65 2.58 0.957003 45.1496
66 2.62 0.951908 47.1759
67 2.66 0.953749 49.2685
68 2.7 0.95586 51.4293
69 2.74 0.961299 53.6673
70 2.78 0.972884 55.9988
71 2.82 0.97561 58.4046
72 2.86 0.987472 60.9093
73 2.9 0.994992 63.5041
74 2.94 1.00641 66.2016
75 2.98 1.01391 68.9937
76 3.02 1.02329 71.8877
77 3.06 1.02701 74.8697
78 3.1 1.0293 77.937
79 3.14 1.029 81.0831
80 3.18 1.02961 84.3117
81 3.22 1.02909 87.6204
82 3.26 1.01899 90.9785
83 3.3 1.01997 94.4229
84 3.34 1.0123 97.9247
85 3.38 1.00353 101.48
86 3.42 1.00099 105.11
87 3.46 0.999162 108.82
88 3.5 0.996273 112.604
89 3.54 0.996706 116.477
90 3.58 0.992539 120.422
91 3.62 0.98774 124.435
92 3.66 0.993559 128.563
93 3.7 0.991245 132.771
94 3.74 0.994599 137.085
95 3.78 0.995138 141.494
96 3.82 0.997907 146.009
97 3.86 1.00148 150.636
98 3.9 1.00662 155.384
99 3.94 1.00609 160.227
100 3.98 1.00308 165.154
1000000 100
1 0.02 0 0
2 0.06 0 0
3 0.1 0 0
4 0.14 0 0
5 0.18 0 0
6 0.22 0 0
7 0.26 0 0
8 0.3 0 0
9 0.34 0 0
10 0.38 0 0
11 0.42 0 0
12 0.46 0 0
13 0.5 0 0
14 0.54 0 0
15 0.58 0 0
16 0.62 0 0
17 0.66 0 0
18 0.7 0 0
19 0.74 0 0
20 0.78 0 0
21 0.82 0 0
22 0.86 0 0
23 0.9 0.00636911 0.0016
24 0.94 0.124948 0.03584
25 0.98 0.672755 0.23622
26 1.02 1.51182 0.72402
27 1.06 2.08658 1.4511
28 1.1 2.24545 2.2937
29 1.14 2.12038 3.14828
30 1.18 1.89631 3.96712
31 1.22 1.65632 4.73164
32 1.26 1.42423 5.43284
33 1.3 1.26925 6.09804
34 1.34 1.13621 6.73072
35 1.38 1.01505 7.33018
36 1.42 0.930589 7.91208
37 1.46 0.885625 8.4975
38 1.5 0.83289 9.07864
39 1.54 0.807483 9.6725
40 1.58 0.784375 10.2797
41 1.62 0.78839 10.9213
42 1.66 0.782194 11.5897
43 1.7 0.797817 12.3047
44 1.74 0.8198 13.0744
45 1.78 0.844213 13.9039
46 1.82 0.876655 14.8044
47 1.86 0.913498 15.7844
48 1.9 0.959231 16.8582
49 1.94 1.00027 18.0256
50 1.98 1.03572 19.2847
51 2.02 1.08067 20.6521
52 2.06 1.1119 22.1153
53 2.1 1.12743 23.6571
54 2.14 1.12707 25.2577
55 2.18 1.13087 26.9243
56 2.22 1.11359 28.6261
57 2.26 1.09254 30.3566
58 2.3 1.07244 32.1158
59 2.34 1.04845 33.896
60 2.38 1.02145 35.6902
61 2.42 0.999901 37.5061
62 2.46 0.981728 39.3483
63 2.5 0.968355 41.2251
64 2.54 0.964758 43.1552
65 2.58 0.951393 45.119
66 2.62 0.953646 47.1489
67 2.66 0.956502 49.2476
68 2.7 0.96092 51.4198
69 2.74 0.96843 53.6744
70 2.78 0.973092 56.0064
71 2.82 0.978611 58.4197
72 2.86 0.985611 60.9196
73 2.9 0.998358 63.5232
74 2.94 1.00481 66.2164
75 2.98 1.01465 69.0105
76 3.02 1.01997 71.8951
77 3.06 1.02283 74.865
78 3.1 1.03019 77.9349
79 3.14 1.03096 81.087
80 3.18 1.02638 84.3055
81 3.22 1.02619 87.6048
82 3.26 1.02108 90.9698
83 3.3 1.01511 94.3978
84 3.34 1.01445 97.907
85 3.38 1.00593 101.471
86 3.42 1.00191 105.105
87 3.46 0.997918 108.809
88 3.5 0.994451 112.587
89 3.54 0.99369 116.448
90 3.58 0.99191 120.39
91 3.62 0.990103 124.413
92 3.66 0.997252 128.556
93 3.7 0.993591 132.774
94 3.74 0.992722 137.08
95 3.78 0.998785 141.505
96 3.82 0.999061 146.026
97 3.86 0.999522 150.644
98 3.9 1.00695 155.393
99 3.94 1.00698 160.24
100 3.98 1.00709 165.187
