# Time-averaged data for fix calcRDF
# TimeStep Number-of-rows
# Row c_myRDF[1] c_myRDF[2] c_myRDF[3]
50000 100
1 0.00561 0 0
2 0.01683 0 0
3 0.02805 0 0
4 0.03927 0 0
5 0.05049 0 0
6 0.06171 0 0
7 0.07293 0 0
8 0.08415 0 0
9 0.09537 0 0
10 0.10659 0 0
11 0.11781 0 0
12 0.12903 0 0
13 0.14025 0 0
14 0.15147 0 0
15 0.16269 0 0
16 0.17391 0 0
17 0.18513 0 0
18 0.19635 0 0
19 0.20757 0 0
20 0.21879 0 0
21 0.23001 0 0
22 0.24123 0 0
23 0.25245 0 0
24 0.26367 0 0
25 0.27489 0 0
26 0.28611 0 0
27 0.29733 0 0
28 0.30855 0 0
29 0.31977 0 0
30 0.33099 0 0
31 0.34221 0 0
32 0.35343 0 0
33 0.36465 0 0
34 0.37587 0 0
35 0.38709 0 0
36 0.39831 0 0
37 0.40953 0 0
38 0.42075 0 0
39 0.43197 0 0
40 0.44319 0 0
41 0.45441 0 0
42 0.46563 0 0
43 0.47685 0 0
44 0.48807 0 0
45 0.49929 0 0
46 0.51051 0 0
47 0.52173 0 0
48 0.53295 0 0
49 0.54417 0 0
50 0.55539 0 0
51 0.56661 0 0
52 0.57783 0 0
53 0.58905 0 0
54 0.60027 0 0
55 0.61149 0 0
56 0.62271 0 0
57 0.63393 0 0
58 0.64515 0 0
59 0.65637 0 0
60 0.66759 0 0
61 0.67881 0 0
62 0.69003 0 0
63 0.70125 0 0
64 0.71247 0 0
65 0.72369 0 0
66 0.73491 0 0
67 0.74613 0 0
68 0.75735 0 0
69 0.76857 0 0
70 0.77979 0 0
71 0.79101 0 0
72 0.80223 0 0
73 0.81345 0 0
74 0.82467 0 0
75 0.83589 0 0
76 0.84711 0 0
77 0.85833 0 0
78 0.86955 0 0
79 0.88077 0 0
80 0.89199 0.000577985 4e-05
81 0.90321 0.00535529 0.00042
82 0.91443 0.015674 0.00156
83 0.92565 0.0469625 0.00506
84 0.93687 0.0909029 0.012
85 0.94809 0.190063 0.02686
86 0.95931 0.336806 0.05382
87 0.97053 0.509706 0.09558
88 0.98175 0.746945 0.1582
89 0.99297 0.987384 0.24288
90 1.00419 1.23725 0.3514
91 1.01541 1.4547 0.48186
92 1.02663 1.6624 0.63426
93 1.03785 1.82624 0.80536
94 1.04907 1.93782 0.99086
95 1.06029 2.06576 1.19286
96 1.07151 2.10484 1.40306
97 1.08273 2.11832 1.61906
98 1.09395 2.08297 1.83588
99 1.10517 2.0648 2.05524
100 1.11639 2.01742 2.27394
100000 100
1 0.00561 0 0
2 0.01683 0 0
3 0.02805 0 0
4 0.03927 0 0
5 0.05049 0 0
6 0.06171 0 0
7 0.07293 0 0
8 0.08415 0 0
9 0.09537 0 0
10 0.10659 0 0
11 0.11781 0 0
12 0.12903 0 0
13 0.14025 0 0
14 0.15147 0 0
15 0.16269 0 0
16 0.17391 0 0
17 0.18513 0 0
18 0.19635 0 0
19 0.20757 0 0
20 0.21879 0 0
21 0.23001 0 0
22 0.24123 0 0
23 0.25245 0 0
24 0.26367 0 0
25 0.27489 0 0
26 0.28611 0 0
27 0.29733 0 0
28 0.30855 0 0
29 0.31977 0 0
30 0.33099 0 0
31 0.34221 0 0
32 0.35343 0 0
33 0.36465 0 0
34 0.37587 0 0
35 0.38709 0 0
36 0.39831 0 0
37 0.40953 0 0
38 0.42075 0 0
39 0.43197 0 0
40 0.44319 0 0
41 0.45441 0 0
42 0.46563 0 0
43 0.47685 0 0
44 0.48807 0 0
45 0.49929 0 0
46 0.51051 0 0
47 0.52173 0 0
48 0.53295 0 0
49 0.54417 0 0
50 0.55539 0 0
51 0.56661 0 0
52 0.57783 0 0
53 0.58905 0 0
54 0.60027 0 0
55 0.61149 0 0
56 0.62271 0 0
57 0.63393 0 0
58 0.64515 0 0
59 0.65637 0 0
60 0.66759 0 0
61 0.67881 0 0
62 0.69003 0 0
63 0.70125 0 0
64 0.71247 0 0
65 0.72369 0 0
66 0.73491 0 0
67 0.74613 0 0
68 0.75735 0 0
69 0.76857 0 0
70 0.77979 0 0
71 0.79101 0 0
72 0.80223 0 0
73 0.81345 0 0
74 0.82467 0 0
75 0.83589 0 0
76 0.84711 0 0
77 0.85833 0 0
78 0.86955 0 0
79 0.88077 0 0
80 0.89199 0.00231194 0.00016
81 0.90321 0.00507343 0.00052
82 0.91443 0.0151241 0.00162
83 0.92565 0.0418637 0.00474
84 0.93687 0.0877593 0.01144
85 0.94809 0.194667 0.02666
86 0.95931 0.318816 0.05218
87 0.97053 0.520447 0.09482
88 0.98175 0.739788 0.15684
89 0.99297 0.978289 0.24074
90 1.00419 1.19369 0.34544
91 1.01541 1.44511 0.47504
92 1.02663 1.63447 0.62488
93 1.03785 1.84738 0.79796
94 1.04907 1.9654 0.9861
95 1.06029 2.05533 1.18708
96 1.07151 2.08501 1.3953
97 1.08273 2.12067 1.61154
98 1.09395 2.1041 1.83056
99 1.10517 2.04673 2.048
100 1.11639 2.00432 2.26528
150000 100
1 0.00561 0 0
2 0.01683 0 0
3 0.02805 0 0
4 0.03927 0 0
5 0.05049 0 0
6 0.06171 0 0
7 0.07293 0 0
8 0.08415 0 0
9 0.09537 0 0
10 0.10659 0 0
11 0.11781 0 0
12 0.12903 0 0
13 0.14025 0 0
14 0.15147 0 0
15 0.16269 0 0
16 0.17391 0 0
17 0.18513 0 0
18 0.19635 0 0
19 0.20757 0 0
20 0.21879 0 0
21 0.23001 0 0
22 0.24123 0 0
23 0.25245 0 0
24 0.26367 0 0
25 0.27489 0 0
26 0.28611 0 0
27 0.29733 0 0
28 0.30855 0 0
29 0.31977 0 0
30 0.33099 0 0
31 0.34221 0 0
32 0.35343 0 0
33 0.36465 0 0
34 0.37587 0 0
35 0.38709 0 0
36 0.39831 0 0
37 0.40953 0 0
38 0.42075 0 0
39 0.43197 0 0
40 0.44319 0 0
41 0.45441 0 0
42 0.46563 0 0
43 0.47685 0 0
44 0.48807 0 0
45 0.49929 0 0
46 0.51051 0 0
47 0.52173 0 0
48 0.53295 0 0
49 0.54417 0 0
50 0.55539 0 0
51 0.56661 0 0
52 0.57783 0 0
53 0.58905 0 0
54 0.60027 0 0
55 0.61149 0 0
56 0.62271 0 0
57 0.63393 0 0
58 0.64515 0 0
59 0.65637 0 0
60 0.66759 0 0
61 0.67881 0 0
62 0.69003 0 0
63 0.70125 0 0
64 0.71247 0 0
65 0.72369 0 0
66 0.73491 0 0
67 0.74613 0 0
68 0.75735 0 0
69 0.76857 0 0
70 0.77979 0 0
71 0.79101 0 0
72 0.80223 0 0
73 0.81345 0 0
74 0.82467 0 0
75 0.83589 0 0
76 0.84711 0 0
77 0.85833 0 0
78 0.86955 0 0
79 0.88077 0.000296402 2e-05
80 0.89199 0.000866977 8e-05
81 0.90321 0.003946 0.00036
82 0.91443 0.0173239 0.00162
83 0.92565 0.0394485 0.00456
84 0.93687 0.0961423 0.0119
85 0.94809 0.178551 0.02586
86 0.95931 0.330059 0.05228
87 0.97053 0.532897 0.09594
88 0.98175 0.749331 0.15876
89 0.99297 0.976424 0.2425
90 1.00419 1.2393 0.3512
91 1.01541 1.43039 0.47948
92 1.02663 1.65258 0.63098
93 1.03785 1.85613 0.80488
94 1.04907 1.94638 0.9912
95 1.06029 2.04265 1.19094
96 1.07151 2.11245 1.4019
97 1.08273 2.11165 1.61722
98 1.09395 2.08527 1.83428
99 1.10517 2.03298 2.05026
100 1.11639 1.98993 2.26598
200000 100
1 0.00561 0 0
2 0.01683 0 0
3 0.02805 0 0
4 0.03927 0 0
5 0.05049 0 0
6 0.06171 0 0
7 0.07293 0 0
8 0.08415 0 0
9 0.09537 0 0
10 0.10659 0 0
11 0.11781 0 0
12 0.12903 0 0
13 0.14025 0 0
14 0.15147 0 0
15 0.16269 0 0
16 0.17391 0 0
17 0.18513 0 0
18 0.19635 0 0
19 0.20757 0 0
20 0.21879 0 0
21 0.23001 0 0
22 0.24123 0 0
23 0.25245 0 0
24 0.26367 0 0
25 0.27489 0 0
26 0.28611 0 0
27 0.29733 0 0
28 0.30855 0 0
29 0.31977 0 0
30 0.33099 0 0
31 0.34221 0 0
32 0.35343 0 0
33 0.36465 0 0
34 0.37587 0 0
35 0.38709 0 0
36 0.39831 0 0
37 0.40953 0 0
38 0.42075 0 0
39 0.43197 0 0
40 0.44319 0 0
41 0.45441 0 0
42 0.46563 0 0
43 0.47685 0 0
44 0.48807 0 0
45 0.49929 0 0
46 0.51051 0 0
47 0.52173 0 0
48 0.53295 0 0
49 0.54417 0 0
50 0.55539 0 0
51 0.56661 0 0
52 0.57783 0 0
53 0.58905 0 0
54 0.60027 0 0
55 0.61149 0 0
56 0.62271 0 0
57 0.63393 0 0
58 0.64515 0 0
59 0.65637 0 0
60 0.66759 0 0
61 0.67881 0 0
62 0.69003 0 0
63 0.70125 0 0
64 0.71247 0 0
65 0.72369 0 0
66 0.73491 0 0
67 0.74613 0 0
68 0.75735 0 0
69 0.76857 0 0
70 0.77979 0 0
71 0.79101 0 0
72 0.80223 0 0
73 0.81345 0 0
74 0.82467 0 0
75 0.83589 0 0
76 0.84711 0 0
77 0.85833 0 0
78 0.86955 0 0
79 0.88077 0 0
80 0.89199 0.000866977 6e-05
81 0.90321 0.00338229 0.0003
82 0.91443 0.0126492 0.00122
83 0.92565 0.0386434 0.0041
84 0.93687 0.0909029 0.01104
85 0.94809 0.187505 0.0257
86 0.95931 0.326811 0.05186
87 0.97053 0.5224 0.09466
88 0.98175 0.741697 0.15684
89 0.99297 0.958234 0.23902
90 1.00419 1.21969 0.346
91 1.01541 1.46005 0.47694
92 1.02663 1.62356 0.62578
93 1.03785 1.83393 0.7976
94 1.04907 1.93092 0.98244
95 1.06029 2.07251 1.1851
96 1.07151 2.08821 1.39364
97 1.08273 2.08557 1.6063
98 1.09395 2.11506 1.82646
99 1.10517 2.05934 2.04524
100 1.11639 2.00819 2.26294
250000 100
1 0.00561 0 0
2 0.01683 0 0
3 0.02805 0 0
4 0.03927 0 0
5 0.05049 0 0
6 0.06171 0 0
7 0.07293 0 0
8 0.08415 0 0
9 0.09537 0 0
10 0.10659 0 0
11 0.11781 0 0
12 0.12903 0 0
13 0.14025 0 0
14 0.15147 0 0
15 0.16269 0 0
16 0.17391 0 0
17 0.18513 0 0
18 0.19635 0 0
19 0.20757 0 0
20 0.21879 0 0
21 0.23001 0 0
22 0.24123 0 0
23 0.25245 0 0
24 0.26367 0 0
25 0.27489 0 0
26 0.28611 0 0
27 0.29733 0 0
28 0.30855 0 0
29 0.31977 0 0
30 0.33099 0 0
31 0.34221 0 0
32 0.35343 0 0
33 0.36465 0 0
34 0.37587 0 0
35 0.38709 0 0
36 0.39831 0 0
37 0.40953 0 0
38 0.42075 0 0
39 0.43197 0 0
40 0.44319 0 0
41 0.45441 0 0
42 0.46563 0 0
43 0.47685 0 0
44 0.48807 0 0
45 0.49929 0 0
46 0.51051 0 0
47 0.52173 0 0
48 0.53295 0 0
49 0.54417 0 0
50 0.55539 0 0
51 0.56661 0 0
52 0.57783 0 0
53 0.58905 0 0
54 0.60027 0 0
55 0.61149 0 0
56 0.62271 0 0
57 0.63393 0 0
58 0.64515 0 0
59 0.65637 0 0
60 0.66759 0 0
61 0.67881 0 0
62 0.69003 0 0
63 0.70125 0 0
64 0.71247 0 0
65 0.72369 0 0
66 0.73491 0 0
67 0.74613 0 0
68 0.75735 0 0
69 0.76857 0 0
70 0.77979 0 0
71 0.79101 0 0
72 0.80223 0 0
73 0.81345 0 0
74 0.82467 0 0
75 0.83589 0 0
76 0.84711 0 0
77 0.85833 0 0
78 0.86955 0 0
79 0.88077 0 0
80 0.89199 0.00144496 0.0001
81 0.90321 0.005919 0.00052
82 0.91443 0.015674 0.00166
83 0.92565 0.0448157 0.005
84 0.93687 0.0940465 0.01218
85 0.94809 0.183156 0.0265
86 0.95931 0.326062 0.0526
87 0.97053 0.517274 0.09498
88 0.98175 0.73287 0.15642
89 0.99297 0.98995 0.24132
90 1.00419 1.1962 0.34624
91 1.01541 1.44823 0.47612
92 1.02663 1.61746 0.6244
93 1.03785 1.86574 0.7992
94 1.04907 1.92821 0.98378
95 1.06029 2.06597 1.1858
96 1.07151 2.05437 1.39096
97 1.08273 2.11911 1.60704
98 1.09395 2.11237 1.82692
99 1.10517 2.05539 2.04528
100 1.11639 1.99122 2.26114
300000 100
1 0.00561 0 0
2 0.01683 0 0
3 0.02805 0 0
4 0.03927 0 0
5 0.05049 0 0
6 0.06171 0 0
7 0.07293 0 0
8 0.08415 0 0
9 0.09537 0 0
10 0.10659 0 0
11 0.11781 0 0
12 0.12903 0 0
13 0.14025 0 0
14 0.15147 0 0
15 0.16269 0 0
16 0.17391 0 0
17 0.18513 0 0
18 0.19635 0 0
19 0.20757 0 0
20 0.21879 0 0
21 0.23001 0 0
22 0.24123 0 0
23 0.25245 0 0
24 0.26367 0 0
25 0.27489 0 0
26 0.28611 0 0
27 0.29733 0 0
28 0.30855 0 0
29 0.31977 0 0
30 0.33099 0 0
31 0.34221 0 0
32 0.35343 0 0
33 0.36465 0 0
34 0.37587 0 0
35 0.38709 0 0
36 0.39831 0 0
37 0.40953 0 0
38 0.42075 0 0
39 0.43197 0 0
40 0.44319 0 0
41 0.45441 0 0
42 0.46563 0 0
43 0.47685 0 0
44 0.48807 0 0
45 0.49929 0 0
46 0.51051 0 0
47 0.52173 0 0
48 0.53295 0 0
49 0.54417 0 0
50 0.55539 0 0
51 0.56661 0 0
52 0.57783 0 0
53 0.58905 0 0
54 0.60027 0 0
55 0.61149 0 0
56 0.62271 0 0
57 0.63393 0 0
58 0.64515 0 0
59 0.65637 0 0
60 0.66759 0 0
61 0.67881 0 0
62 0.69003 0 0
63 0.70125 0 0
64 0.71247 0 0
65 0.72369 0 0
66 0.73491 0 0
67 0.74613 0 0
68 0.75735 0 0
69 0.76857 0 0
70 0.77979 0 0
71 0.79101 0 0
72 0.80223 0 0
73 0.81345 0 0
74 0.82467 0 0
75 0.83589 0 0
76 0.84711 0 0
77 0.85833 0 0
78 0.86955 0 0
79 0.88077 0.00118561 8e-05
80 0.89199 0.000866977 0.00014
81 0.90321 0.005919 0.00056
82 0.91443 0.015674 0.0017
83 0.92565 0.0466942 0.00518
84 0.93687 0.0995479 0.01278
85 0.94809 0.181365 0.02696
86 0.95931 0.32956 0.05334
87 0.97053 0.518006 0.09578
88 0.98175 0.710445 0.15534
89 0.99297 0.983886 0.23972
90 1.00419 1.24158 0.34862
91 1.01541 1.48993 0.48224
92 1.02663 1.65891 0.63432
93 1.03785 1.82347 0.80516
94 1.04907 1.92758 0.98968
95 1.06029 2.04347 1.1895
96 1.07151 2.10043 1.39926
97 1.08273 2.13107 1.61656
98 1.09395 2.07644 1.8327
99 1.10517 2.07346 2.05298
100 1.11639 2.00967 2.27084
350000 100
1 0.00561 0 0
2 0.01683 0 0
3 0.02805 0 0
4 0.03927 0 0
5 0.05049 0 0
6 0.06171 0 0
7 0.07293 0 0
8 0.08415 0 0
9 0.09537 0 0
10 0.10659 0 0
11 0.11781 0 0
12 0.12903 0 0
13 0.14025 0 0
14 0.15147 0 0
15 0.16269 0 0
16 0.17391 0 0
17 0.18513 0 0
18 0.19635 0 0
19 0.20757 0 0
20 0.21879 0 0
21 0.23001 0 0
22 0.24123 0 0
23 0.25245 0 0
24 0.26367 0 0
25 0.27489 0 0
26 0.28611 0 0
27 0.29733 0 0
28 0.30855 0 0
29 0.31977 0 0
30 0.33099 0 0
31 0.34221 0 0
32 0.35343 0 0
33 0.36465 0 0
34 0.37587 0 0
35 0.38709 0 0
36 0.39831 0 0
37 0.40953 0 0
38 0.42075 0 0
39 0.43197 0 0
40 0.44319 0 0
41 0.45441 0 0
42 0.46563 0 0
43 0.47685 0 0
44 0.48807 0 0
45 0.49929 0 0
46 0.51051 0 0
47 0.52173 0 0
48 0.53295 0 0
49 0.54417 0 0
50 0.55539 0 0
51 0.56661 0 0
52 0.57783 0 0
53 0.58905 0 0
54 0.60027 0 0
55 0.61149 0 0
56 0.62271 0 0
57 0.63393 0 0
58 0.64515 0 0
59 0.65637 0 0
60 0.66759 0 0
61 0.67881 0 0
62 0.69003 0 0
63 0.70125 0 0
64 0.71247 0 0
65 0.72369 0 0
66 0.73491 0 0
67 0.74613 0 0
68 0.75735 0 0
69 0.76857 0 0
70 0.77979 0 0
71 0.79101 0 0
72 0.80223 0 0
73 0.81345 0 0
74 0.82467 0 0
75 0.83589 0 0
76 0.84711 0 0
77 0.85833 0 0
78 0.86955 0 0
79 0.88077 0 0
80 0.89199 0.00144496 0.0001
81 0.90321 0.003946 0.00038
82 0.91443 0.015674 0.00152
83 0.92565 0.0424004 0.00468
84 0.93687 0.106359 0.0128
85 0.94809 0.191342 0.02776
86 0.95931 0.34655 0.0555
87 0.97053 0.515565 0.09774
88 0.98175 0.719749 0.15808
89 0.99297 0.968961 0.24118
90 1.00419 1.24067 0.35
91 1.01541 1.47967 0.4827
92 1.02663 1.65345 0.63428
93 1.03785 1.83649 0.80634
94 1.04907 1.96101 0.99406
95 1.06029 2.04572 1.1941
96 1.07151 2.078 1.40162
97 1.08273 2.10734 1.6165
98 1.09395 2.08028 1.83304
99 1.10517 2.07233 2.0532
100 1.11639 2.00801 2.27088
400000 100
1 0.00561 0 0
2 0.01683 0 0
3 0.02805 0 0
4 0.03927 0 0
5 0.05049 0 0
6 0.06171 0 0
7 0.07293 0 0
8 0.08415 0 0
9 0.09537 0 0
10 0.10659 0 0
11 0.11781 0 0
12 0.12903 0 0
13 0.14025 0 0
14 0.15147 0 0
15 0.16269 0 0
16 0.17391 0 0
17 0.18513 0 0
18 0.19635 0 0
19 0.20757 0 0
20 0.21879 0 0
21 0.23001 0 0
22 0.24123 0 0
23 0.25245 0 0
24 0.26367 0 0
25 0.27489 0 0
26 0.28611 0 0
27 0.29733 0 0
28 0.30855 0 0
29 0.31977 0 0
30 0.33099 0 0
31 0.34221 0 0
32 0.35343 0 0
33 0.36465 0 0
34 0.37587 0 0
35 0.38709 0 0
36 0.39831 0 0
37 0.40953 0 0
38 0.42075 0 0
39 0.43197 0 0
40 0.44319 0 0
41 0.45441 0 0
42 0.46563 0 0
43 0.47685 0 0
44 0.48807 0 0
45 0.49929 0 0
46 0.51051 0 0
47 0.52173 0 0
48 0.53295 0 0
49 0.54417 0 0
50 0.55539 0 0
51 0.56661 0 0
52 0.57783 0 0
53 0.58905 0 0
54 0.60027 0 0
55 0.61149 0 0
56 0.62271 0 0
57 0.63393 0 0
58 0.64515 0 0
59 0.65637 0 0
60 0.66759 0 0
61 0.67881 0 0
62 0.69003 0 0
63 0.70125 0 0
64 0.71247 0 0
65 0.72369 0 0
66 0.73491 0 0
67 0.74613 0 0
68 0.75735 0 0
69 0.76857 0 0
70 0.77979 0 0
71 0.79101 0 0
72 0.80223 0 0
73 0.81345 0 0
74 0.82467 0 0
75 0.83589 0 0
76 0.84711 0 0
77 0.85833 0 0
78 0.86955 0 0
79 0.88077 0.000296402 2e-05
80 0.89199 0.000866977 8e-05
81 0.90321 0.00479157 0.00042
82 0.91443 0.0142991 0.00146
83 0.92565 0.0456207 0.00486
84 0.93687 0.0961423 0.0122
85 0.94809 0.185714 0.02672
86 0.95931 0.331059 0.05322
87 0.97053 0.517518 0.09562
88 0.98175 0.736926 0.1574
89 0.99297 0.980388 0.24148
90 1.00419 1.24317 0.35052
91 1.01541 1.43351 0.47908
92 1.02663 1.64909 0.63026
93 1.03785 1.83905 0.80256
94 1.04907 1.97522 0.99164
95 1.06029 2.02486 1.18964
96 1.07151 2.06578 1.39594
97 1.08273 2.09223 1.60928
98 1.09395 2.12466 1.83044
99 1.10517 2.05953 2.04924
100 1.11639 1.99288 2.26528
450000 100
1 0.00561 0 0
2 0.01683 0 0
3 0.02805 0 0
4 0.03927 0 0
5 0.05049 0 0
6 0.06171 0 0
7 0.07293 0 0
8 0.08415 0 0
9 0.09537 0 0
10 0.10659 0 0
11 0.11781 0 0
12 0.12903 0 0
13 0.14025 0 0
14 0.15147 0 0
15 0.16269 0 0
16 0.17391 0 0
17 0.18513 0 0
18 0.19635 0 0
19 0.20757 0 0
20 0.21879 0 0
21 0.23001 0 0
22 0.24123 0 0
23 0.25245 0 0
24 0.26367 0 0
25 0.27489 0 0
26 0.28611 0 0
27 0.29733 0 0
28 0.30855 0 0
29 0.31977 0 0
30 0.33099 0 0
31 0.34221 0 0
32 0.35343 0 0
33 0.36465 0 0
34 0.37587 0 0
35 0.38709 0 0
36 0.39831 0 0
37 0.40953 0 0
38 0.42075 0 0
39 0.43197 0 0
40 0.44319 0 0
41 0.45441 0 0
42 0.46563 0 0
43 0.47685 0 0
44 0.48807 0 0
45 0.49929 0 0
46 0.51051 0 0
47 0.52173 0 0
48 0.53295 0 0
49 0.54417 0 0
50 0.55539 0 0
51 0.56661 0 0
52 0.57783 0 0
53 0.58905 0 0
54 0.60027 0 0
55 0.61149 0 0
56 0.62271 0 0
57 0.63393 0 0
58 0.64515 0 0
59 0.65637 0 0
60 0.66759 0 0
61 0.67881 0 0
62 0.69003 0 0
63 0.70125 0 0
64 0.71247 0 0
65 0.72369 0 0
66 0.73491 0 0
67 0.74613 0 0
68 0.75735 0 0
69 0.76857 0 0
70 0.77979 0 0
71 0.79101 0 0
72 0.80223 0 0
73 0.81345 0 0
74 0.82467 0 0
75 0.83589 0 0
76 0.84711 0 0
77 0.85833 0 0
78 0.86955 0.0003041 2e-05
79 0.88077 0 2e-05
80 0.89199 0.000866977 8e-05
81 0.90321 0.00450972 0.0004
82 0.91443 0.0151241 0.0015
83 0.92565 0.0383751 0.00436
84 0.93687 0.100858 0.01206
85 0.94809 0.181877 0.02628
86 0.95931 0.308072 0.05094
87 0.97053 0.527038 0.09412
88 0.98175 0.734301 0.15568
89 0.99297 0.971526 0.239
90 1.00419 1.22265 0.34624
91 1.01541 1.46941 0.47802
92 1.02663 1.68749 0.63272
93 1.03785 1.82859 0.80404
94 1.04907 1.93677 0.98944
95 1.06029 2.09112 1.19392
96 1.07151 2.05777 1.39942
97 1.08273 2.09792 1.61334
98 1.09395 2.0822 1.83008
99 1.10517 2.06047 2.04898
100 1.11639 2.01262 2.26716
500000 100
1 0.00561 0 0
2 0.01683 0 0
3 0.02805 0 0
4 0.03927 0 0
5 0.05049 0 0
6 0.06171 0 0
7 0.07293 0 0
8 0.08415 0 0
9 0.09537 0 0
10 0.10659 0 0
11 0.11781 0 0
12 0.12903 0 0
13 0.14025 0 0
14 0.15147 0 0
15 0.16269 0 0
16 0.17391 0 0
17 0.18513 0 0
18 0.19635 0 0
19 0.20757 0 0
20 0.21879 0 0
21 0.23001 0 0
22 0.24123 0 0
23 0.25245 0 0
24 0.26367 0 0
25 0.27489 0 0
26 0.28611 0 0
27 0.29733 0 0
28 0.30855 0 0
29 0.31977 0 0
30 0.33099 0 0
31 0.34221 0 0
32 0.35343 0 0
33 0.36465 0 0
34 0.37587 0 0
35 0.38709 0 0
36 0.39831 0 0
37 0.40953 0 0
38 0.42075 0 0
39 0.43197 0 0
40 0.44319 0 0
41 0.45441 0 0
42 0.46563 0 0
43 0.47685 0 0
44 0.48807 0 0
45 0.49929 0 0
46 0.51051 0 0
47 0.52173 0 0
48 0.53295 0 0
49 0.54417 0 0
50 0.55539 0 0
51 0.56661 0 0
52 0.57783 0 0
53 0.58905 0 0
54 0.60027 0 0
55 0.61149 0 0
56 0.62271 0 0
57 0.63393 0 0
58 0.64515 0 0
59 0.65637 0 0
60 0.66759 0 0
61 0.67881 0 0
62 0.69003 0 0
63 0.70125 0 0
64 0.71247 0 0
65 0.72369 0 0
66 0.73491 0 0
67 0.74613 0 0
68 0.75735 0 0
69 0.76857 0 0
70 0.77979 0 0
71 0.79101 0 0
72 0.80223 0 0
73 0.81345 0 0
74 0.82467 0 0
75 0.83589 0 0
76 0.84711 0 0
77 0.85833 0 0
78 0.86955 0 0
79 0.88077 0.000296402 2e-05
80 0.89199 0.00173395 0.00014
81 0.90321 0.00450972 0.00046
82 0.91443 0.0148491 0.00154
83 0.92565 0.0348864 0.00414
84 0.93687 0.0971902 0.01156
85 0.94809 0.192109 0.02658
86 0.95931 0.317817 0.05202
87 0.97053 0.512391 0.094
88 0.98175 0.764122 0.15806
89 0.99297 0.975491 0.24172
90 1.00419 1.2279 0.34942
91 1.01541 1.45135 0.47958
92 1.02663 1.63709 0.62966
93 1.03785 1.80255 0.79854
94 1.04907 1.96832 0.98696
95 1.06029 2.0402 1.18646
96 1.07151 2.06719 1.3929
97 1.08273 2.10067 1.6071
98 1.09395 2.10775 1.8265
99 1.10517 2.08231 2.04772
100 1.11639 2.03808 2.26866
550000 100
1 0.00561 0 0
2 0.01683 0 0
3 0.02805 0 0
4 0.03927 0 0
5 0.05049 0 0
6 0.06171 0 0
7 0.07293 0 0
8 0.08415 0 0
9 0.09537 0 0
10 0.10659 0 0
11 0.11781 0 0
12 0.12903 0 0
13 0.14025 0 0
14 0.15147 0 0
15 0.16269 0 0
16 0.17391 0 0
17 0.18513 0 0
18 0.19635 0 0
19 0.20757 0 0
20 0.21879 0 0
21 0.23001 0 0
22 0.24123 0 0
23 0.25245 0 0
24 0.26367 0 0
25 0.27489 0 0
26 0.28611 0 0
27 0.29733 0 0
28 0.30855 0 0
29 0.31977 0 0
30 0.33099 0 0
31 0.34221 0 0
32 0.35343 0 0
33 0.36465 0 0
34 0.37587 0 0
35 0.38709 0 0
36 0.39831 0 0
37 0.40953 0 0
38 0.42075 0 0
39 0.43197 0 0
40 0.44319 0 0
41 0.45441 0 0
42 0.46563 0 0
43 0.47685 0 0
44 0.48807 0 0
45 0.49929 0 0
46 0.51051 0 0
47 0.52173 0 0
48 0.53295 0 0
49 0.54417 0 0
50 0.55539 0 0
51 0.56661 0 0
52 0.57783 0 0
53 0.58905 0 0
54 0.60027 0 0
55 0.61149 0 0
56 0.62271 0 0
57 0.63393 0 0
58 0.64515 0 0
59 0.65637 0 0
60 0.66759 0 0
61 0.67881 0 0
62 0.69003 0 0
63 0.70125 0 0
64 0.71247 0 0
65 0.72369 0 0
66 0.73491 0 0
67 0.74613 0 0
68 0.75735 0 0
69 0.76857 0 0
70 0.77979 0 0
71 0.79101 0 0
72 0.80223 0 0
73 0.81345 0 0
74 0.82467 0 0
75 0.83589 0 0
76 0.84711 0 0
77 0.85833 0 0
78 0.86955 0 0
79 0.88077 0 0
80 0.89199 0.000866977 6e-05
81 0.90321 0.00422786 0.00036
82 0.91443 0.0170489 0.0016
83 0.92565 0.0389118 0.0045
84 0.93687 0.0974521 0.01194
85 0.94809 0.189039 0.02672
86 0.95931 0.320065 0.05234
87 0.97053 0.504336 0.09366
88 0.98175 0.72786 0.15468
89 0.99297 0.977123 0.23848
90 1.00419 1.22197 0.34566
91 1.01541 1.43641 0.47448
92 1.02663 1.67003 0.62758
93 1.03785 1.82624 0.79868
94 1.04907 1.94409 0.98478
95 1.06029 2.07742 1.18792
96 1.07151 2.08641 1.39628
97 1.08273 2.14264 1.61476
98 1.09395 2.11602 1.83502
99 1.10517 2.04691 2.05248
100 1.11639 2.01649 2.27108
600000 100
1 0.00561 0 0
2 0.01683 0 0
3 0.02805 0 0
4 0.03927 0 0
5 0.05049 0 0
6 0.06171 0 0
7 0.07293 0 0
8 0.08415 0 0
9 0.09537 0 0
10 0.10659 0 0
11 0.11781 0 0
12 0.12903 0 0
13 0.14025 0 0
14 0.15147 0 0
15 0.16269 0 0
16 0.17391 0 0
17 0.18513 0 0
18 0.19635 0 0
19 0.20757 0 0
20 0.21879 0 0
21 0.23001 0 0
22 0.24123 0 0
23 0.25245 0 0
24 0.26367 0 0
25 0.27489 0 0
26 0.28611 0 0
27 0.29733 0 0
28 0.30855 0 0
29 0.31977 0 0
30 0.33099 0 0
31 0.34221 0 0
32 0.35343 0 0
33 0.36465 0 0
34 0.37587 0 0
35 0.38709 0 0
36 0.39831 0 0
37 0.40953 0 0
38 0.42075 0 0
39 0.43197 0 0
40 0.44319 0 0
41 0.45441 0 0
42 0.46563 0 0
43 0.47685 0 0
44 0.48807 0 0
45 0.49929 0 0
46 0.51051 0 0
47 0.52173 0 0
48 0.53295 0 0
49 0.54417 0 0
50 0.55539 0 0
51 0.56661 0 0
52 0.57783 0 0
53 0.58905 0 0
54 0.60027 0 0
55 0.61149 0 0
56 0.62271 0 0
57 0.63393 0 0
58 0.64515 0 0
59 0.65637 0 0
60 0.66759 0 0
61 0.67881 0 0
62 0.69003 0 0
63 0.70125 0 0
64 0.71247 0 0
65 0.72369 0 0
66 0.73491 0 0
67 0.74613 0 0
68 0.75735 0 0
69 0.76857 0 0
70 0.77979 0 0
71 0.79101 0 0
72 0.80223 0 0
73 0.81345 0 0
74 0.82467 0 0
75 0.83589 0 0
76 0.84711 0 0
77 0.85833 0 0
78 0.86955 0 0
79 0.88077 0 0
80 0.89199 0 0
81 0.90321 0.00676457 0.00048
82 0.91443 0.0200738 0.00194
83 0.92565 0.0477676 0.0055
84 0.93687 0.100596 0.01318
85 0.94809 0.199527 0.02878
86 0.95931 0.336056 0.05568
87 0.97053 0.512636 0.09768
88 0.98175 0.730723 0.15894
89 0.99297 0.97759 0.24278
90 1.00419 1.20031 0.34806
91 1.01541 1.45001 0.4781
92 1.02663 1.64167 0.6286
93 1.03785 1.86168 0.80302
94 1.04907 1.9468 0.98938
95 1.06029 2.02874 1.18776
96 1.07151 2.10303 1.39778
97 1.08273 2.14225 1.61622
98 1.09395 2.09507 1.8343
99 1.10517 2.0808 2.05536
100 1.11639 1.97996 2.27
650000 100
1 0.00561 0 0
2 0.01683 0 0
3 0.02805 0 0
4 0.03927 0 0
5 0.05049 0 0
6 0.06171 0 0
7 0.07293 0 0
8 0.08415 0 0
9 0.09537 0 0
10 0.10659 0 0
11 0.11781 0 0
12 0.12903 0 0
13 0.14025 0 0
14 0.15147 0 0
15 0.16269 0 0
16 0.17391 0 0
17 0.18513 0 0
18 0.19635 0 0
19 0.20757 0 0
20 0.21879 0 0
21 0.23001 0 0
22 0.24123 0 0
23 0.25245 0 0
24 0.26367 0 0
25 0.27489 0 0
26 0.28611 0 0
27 0.29733 0 0
28 0.30855 0 0
29 0.31977 0 0
30 0.33099 0 0
31 0.34221 0 0
32 0.35343 0 0
33 0.36465 0 0
34 0.37587 0 0
35 0.38709 0 0
36 0.39831 0 0
37 0.40953 0 0
38 0.42075 0 0
39 0.43197 0 0
40 0.44319 0 0
41 0.45441 0 0
42 0.46563 0 0
43 0.47685 0 0
44 0.48807 0 0
45 0.49929 0 0
46 0.51051 0 0
47 0.52173 0 0
48 0.53295 0 0
49 0.54417 0 0
50 0.55539 0 0
51 0.56661 0 0
52 0.57783 0 0
53 0.58905 0 0
54 0.60027 0 0
55 0.61149 0 0
56 0.62271 0 0
57 0.63393 0 0
58 0.64515 0 0
59 0.65637 0 0
60 0.66759 0 0
61 0.67881 0 0
62 0.69003 0 0
63 0.70125 0 0
64 0.71247 0 0
65 0.72369 0 0
66 0.73491 0 0
67 0.74613 0 0
68 0.75735 0 0
69 0.76857 0 0
70 0.77979 0 0
71 0.79101 0 0
72 0.80223 0 0
73 0.81345 0 0
74 0.82467 0 0
75 0.83589 0 0
76 0.84711 0 0
77 0.85833 0 0
78 0.86955 0 0
79 0.88077 0.000296402 2e-05
80 0.89199 0.00173395 0.00014
81 0.90321 0.003946 0.00042
82 0.91443 0.0140241 0.00144
83 0.92565 0.0383751 0.0043
84 0.93687 0.098238 0.0118
85 0.94809 0.194156 0.02698
86 0.95931 0.337305 0.05398
87 0.97053 0.519959 0.09658
88 0.98175 0.736687 0.15834
89 0.99297 0.959167 0.2406
90 1.00419 1.19894 0.34576
91 1.01541 1.46741 0.47736
92 1.02663 1.68487 0.63182
93 1.03785 1.83372 0.80362
94 1.04907 1.98211 0.99336
95 1.06029 2.03181 1.19204
96 1.07151 2.03955 1.39572
97 1.08273 2.14696 1.61464
98 1.09395 2.11967 1.83528
99 1.10517 2.04767 2.05282
100 1.11639 2.01373 2.27112
700000 100
1 0.00561 0 0
2 0.01683 0 0
3 0.02805 0 0
4 0.03927 0 0
5 0.05049 0 0
6 0.06171 0 0
7 0.07293 0 0
8 0.08415 0 0
9 0.09537 0 0
10 0.10659 0 0
11 0.11781 0 0
12 0.12903 0 0
13 0.14025 0 0
14 0.15147 0 0
15 0.16269 0 0
16 0.17391 0 0
17 0.18513 0 0
18 0.19635 0 0
19 0.20757 0 0
20 0.21879 0 0
21 0.23001 0 0
22 0.24123 0 0
23 0.25245 0 0
24 0.26367 0 0
25 0.27489 0 0
26 0.28611 0 0
27 0.29733 0 0
28 0.30855 0 0
29 0.31977 0 0
30 0.33099 0 0
31 0.34221 0 0
32 0.35343 0 0
33 0.36465 0 0
34 0.37587 0 0
35 0.38709 0 0
36 0.39831 0 0
37 0.40953 0 0
38 0.42075 0 0
39 0.43197 0 0
40 0.44319 0 0
41 0.45441 0 0
42 0.46563 0 0
43 0.47685 0 0
44 0.48807 0 0
45 0.49929 0 0
46 0.51051 0 0
47 0.52173 0 0
48 0.53295 0 0
49 0.54417 0 0
50 0.55539 0 0
51 0.56661 0 0
52 0.57783 0 0
53 0.58905 0 0
54 0.60027 0 0
55 0.61149 0 0
56 0.62271 0 0
57 0.63393 0 0
58 0.64515 0 0
59 0.65637 0 0
60 0.66759 0 0
61 0.67881 0 0
62 0.69003 0 0
63 0.70125 0 0
64 0.71247 0 0
65 0.72369 0 0
66 0.73491 0 0
67 0.74613 0 0
68 0.75735 0 0
69 0.76857 0 0
70 0.77979 0 0
71 0.79101 0 0
72 0.80223 0 0
73 0.81345 0 0
74 0.82467 0 0
75 0.83589 0 0
76 0.84711 0 0
77 0.85833 0 0
78 0.86955 0 0
79 0.88077 0.000296402 2e-05
80 0.89199 0.000866977 8e-05
81 0.90321 0.00507343 0.00044
82 0.91443 0.0189738 0.00182
83 0.92565 0.0405219 0.00484
84 0.93687 0.0992859 0.01242
85 0.94809 0.189295 0.02722
86 0.95931 0.324313 0.05318
87 0.97053 0.508974 0.09488
88 0.98175 0.730961 0.15616
89 0.99297 1.01723 0.2434
90 1.00419 1.23109 0.35138
91 1.01541 1.47231 0.48342
92 1.02663 1.67701 0.63716
93 1.03785 1.83158 0.80876
94 1.04907 1.92925 0.99344
95 1.06029 2.02506 1.19146
96 1.07151 2.10504 1.40168
97 1.08273 2.09439 1.61524
98 1.09395 2.09623 1.83344
99 1.10517 2.04579 2.05078
100 1.11639 1.97923 2.26534
750000 100
1 0.00561 0 0
2 0.01683 0 0
3 0.02805 0 0
4 0.03927 0 0
5 0.05049 0 0
6 0.06171 0 0
7 0.07293 0 0
8 0.08415 0 0
9 0.09537 0 0
10 0.10659 0 0
11 0.11781 0 0
12 0.12903 0 0
13 0.14025 0 0
14 0.15147 0 0
15 0.16269 0 0
16 0.17391 0 0
17 0.18513 0 0
18 0.19635 0 0
19 0.20757 0 0
20 0.21879 0 0
21 0.23001 0 0
22 0.24123 0 0
23 0.25245 0 0
24 0.26367 0 0
25 0.27489 0 0
26 0.28611 0 0
27 0.29733 0 0
28 0.30855 0 0
29 0.31977 0 0
30 0.33099 0 0
31 0.34221 0 0
32 0.35343 0 0
33 0.36465 0 0
34 0.37587 0 0
35 0.38709 0 0
36 0.39831 0 0
37 0.40953 0 0
38 0.42075 0 0
39 0.43197 0 0
40 0.44319 0 0
41 0.45441 0 0
42 0.46563 0 0
43 0.47685 0 0
44 0.48807 0 0
45 0.49929 0 0
46 0.51051 0 0
47 0.52173 0 0
48 0.53295 0 0
49 0.54417 0 0
50 0.55539 0 0
51 0.56661 0 0
52 0.57783 0 0
53 0.58905 0 0
54 0.60027 0 0
55 0.61149 0 0
56 0.62271 0 0
57 0.63393 0 0
58 0.64515 0 0
59 0.65637 0 0
60 0.66759 0 0
61 0.67881 0 0
62 0.69003 0 0
63 0.70125 0 0
64 0.71247 0 0
65 0.72369 0 0
66 0.73491 0 0
67 0.74613 0 0
68 0.75735 0 0
69 0.76857 0 0
70 0.77979 0 0
71 0.79101 0 0
72 0.80223 0 0
73 0.81345 0 0
74 0.82467 0 0
75 0.83589 0 0
76 0.84711 0 0
77 0.85833 0 0
78 0.86955 0 0
79 0.88077 0 0
80 0.89199 0.000866977 6e-05
81 0.90321 0.00366414 0.00032
82 0.91443 0.0129242 0.00126
83 0.92565 0.041327 0.00434
84 0.93687 0.100334 0.012
85 0.94809 0.18597 0.02654
86 0.95931 0.334057 0.05328
87 0.97053 0.515809 0.09554
88 0.98175 0.739311 0.15752
89 0.99297 0.974558 0.2411
90 1.00419 1.20031 0.34638
91 1.01541 1.47187 0.47838
92 1.02663 1.63273 0.62806
93 1.03785 1.83585 0.80006
94 1.04907 1.99235 0.99078
95 1.06029 1.98927 1.1853
96 1.07151 2.08681 1.3937
97 1.08273 2.11989 1.60986
98 1.09395 2.05703 1.82398
99 1.10517 2.05896 2.04272
100 1.11639 2.02166 2.26188
800000 100
1 0.00561 0 0
2 0.01683 0 0
3 0.02805 0 0
4 0.03927 0 0
5 0.05049 0 0
6 0.06171 0 0
7 0.07293 0 0
8 0.08415 0 0
9 0.09537 0 0
10 0.10659 0 0
11 0.11781 0 0
12 0.12903 0 0
13 0.14025 0 0
14 0.15147 0 0
15 0.16269 0 0
16 0.17391 0 0
17 0.18513 0 0
18 0.19635 0 0
19 0.20757 0 0
20 0.21879 0 0
21 0.23001 0 0
22 0.24123 0 0
23 0.25245 0 0
24 0.26367 0 0
25 0.27489 0 0
26 0.28611 0 0
27 0.29733 0 0
28 0.30855 0 0
29 0.31977 0 0
30 0.33099 0 0
31 0.34221 0 0
32 0.35343 0 0
33 0.36465 0 0
34 0.37587 0 0
35 0.38709 0 0
36 0.39831 0 0
37 0.40953 0 0
38 0.42075 0 0
39 0.43197 0 0
40 0.44319 0 0
41 0.45441 0 0
42 0.46563 0 0
43 0.47685 0 0
44 0.48807 0 0
45 0.49929 0 0
46 0.51051 0 0
47 0.52173 0 0
48 0.53295 0 0
49 0.54417 0 0
50 0.55539 0 0
51 0.56661 0 0
52 0.57783 0 0
53 0.58905 0 0
54 0.60027 0 0
55 0.61149 0 0
56 0.62271 0 0
57 0.63393 0 0
58 0.64515 0 0
59 0.65637 0 0
60 0.66759 0 0
61 0.67881 0 0
62 0.69003 0 0
63 0.70125 0 0
64 0.71247 0 0
65 0.72369 0 0
66 0.73491 0 0
67 0.74613 0 0
68 0.75735 0 0
69 0.76857 0 0
70 0.77979 0 0
71 0.79101 0 0
72 0.80223 0 0
73 0.81345 0 0
74 0.82467 0 0
75 0.83589 0 0
76 0.84711 0 0
77 0.85833 0 0
78 0.86955 0 0
79 0.88077 0 0
80 0.89199 0.000866977 6e-05
81 0.90321 0.00338229 0.0003
82 0.91443 0.0151241 0.0014
83 0.92565 0.0399852 0.00438
84 0.93687 0.0969282 0.01178
85 0.94809 0.193388 0.0269
86 0.95931 0.336056 0.0538
87 0.97053 0.517274 0.09618
88 0.98175 0.735971 0.15788
89 0.99297 0.981787 0.24208
90 1.00419 1.23223 0.35016
91 1.01541 1.45492 0.48064
92 1.02663 1.67701 0.63438
93 1.03785 1.816 0.80452
94 1.04907 1.95579 0.99174
95 1.06029 2.04551 1.19176
96 1.07151 2.11525 1.403
97 1.08273 2.08615 1.61572
98 1.09395 2.09969 1.83428
99 1.10517 2.06819 2.054
100 1.11639 1.98993 2.26972
850000 100
1 0.00561 0 0
2 0.01683 0 0
3 0.02805 0 0
4 0.03927 0 0
5 0.05049 0 0
6 0.06171 0 0
7 0.07293 0 0
8 0.08415 0 0
9 0.09537 0 0
10 0.10659 0 0
11 0.11781 0 0
12 0.12903 0 0
13 0.14025 0 0
14 0.15147 0 0
15 0.16269 0 0
16 0.17391 0 0
17 0.18513 0 0
18 0.19635 0 0
19 0.20757 0 0
20 0.21879 0 0
21 0.23001 0 0
22 0.24123 0 0
23 0.25245 0 0
24 0.26367 0 0
25 0.27489 0 0
26 0.28611 0 0
27 0.29733 0 0
28 0.30855 0 0
29 0.31977 0 0
30 0.33099 0 0
31 0.34221 0 0
32 0.35343 0 0
33 0.36465 0 0
34 0.37587 0 0
35 0.38709 0 0
36 0.39831 0 0
37 0.40953 0 0
38 0.42075 0 0
39 0.43197 0 0
40 0.44319 0 0
41 0.45441 0 0
42 0.46563 0 0
43 0.47685 0 0
44 0.48807 0 0
45 0.49929 0 0
46 0.51051 0 0
47 0.52173 0 0
48 0.53295 0 0
49 0.54417 0 0
50 0.55539 0 0
51 0.56661 0 0
52 0.57783 0 0
53 0.58905 0 0
54 0.60027 0 0
55 0.61149 0 0
56 0.62271 0 0
57 0.63393 0 0
58 0.64515 0 0
59 0.65637 0 0
60 0.66759 0 0
61 0.67881 0 0
62 0.69003 0 0
63 0.70125 0 0
64 0.71247 0 0
65 0.72369 0 0
66 0.73491 0 0
67 0.74613 0 0
68 0.75735 0 0
69 0.76857 0 0
70 0.77979 0 0
71 0.79101 0 0
72 0.80223 0 0
73 0.81345 0 0
74 0.82467 0 0
75 0.83589 0 0
76 0.84711 0 0
77 0.85833 0 0
78 0.86955 0 0
79 0.88077 0 0
80 0.89199 0.00346791 0.00024
81 0.90321 0.00479157 0.00058
82 0.91443 0.0175989 0.00186
83 0.92565 0.0466942 0.00534
84 0.93687 0.0895931 0.01218
85 0.94809 0.196202 0.02752
86 0.95931 0.322564 0.05334
87 0.97053 0.529235 0.0967
88 0.98175 0.699948 0.15538
89 0.99297 0.967562 0.23836
90 1.00419 1.22607 0.3459
91 1.01541 1.46652 0.47742
92 1.02663 1.67701 0.63116
93 1.03785 1.83222 0.80282
94 1.04907 1.96122 0.99056
95 1.06029 2.04838 1.19086
96 1.07151 2.09062 1.39964
97 1.08273 2.12911 1.61674
98 1.09395 2.06548 1.83174
99 1.10517 2.05162 2.0497
100 1.11639 2.00155 2.26668
900000 100
1 0.00561 0 0
2 0.01683 0 0
3 0.02805 0 0
4 0.03927 0 0
5 0.05049 0 0
6 0.06171 0 0
7 0.07293 0 0
8 0.08415 0 0
9 0.09537 0 0
10 0.10659 0 0
11 0.11781 0 0
12 0.12903 0 0
13 0.14025 0 0
14 0.15147 0 0
15 0.16269 0 0
16 0.17391 0 0
17 0.18513 0 0
18 0.19635 0 0
19 0.20757 0 0
20 0.21879 0 0
21 0.23001 0 0
22 0.24123 0 0
23 0.25245 0 0
24 0.26367 0 0
25 0.27489 0 0
26 0.28611 0 0
27 0.29733 0 0
28 0.30855 0 0
29 0.31977 0 0
30 0.33099 0 0
31 0.34221 0 0
32 0.35343 0 0
33 0.36465 0 0
34 0.37587 0 0
35 0.38709 0 0
36 0.39831 0 0
37 0.40953 0 0
38 0.42075 0 0
39 0.43197 0 0
40 0.44319 0 0
41 0.45441 0 0
42 0.46563 0 0
43 0.47685 0 0
44 0.48807 0 0
45 0.49929 0 0
46 0.51051 0 0
47 0.52173 0 0
48 0.53295 0 0
49 0.54417 0 0
50 0.55539 0 0
51 0.56661 0 0
52 0.57783 0 0
53 0.58905 0 0
54 0.60027 0 0
55 0.61149 0 0
56 0.62271 0 0
57 0.63393 0 0
58 0.64515 0 0
59 0.65637 0 0
60 0.66759 0 0
61 0.67881 0 0
62 0.69003 0 0
63 0.70125 0 0
64 0.71247 0 0
65 0.72369 0 0
66 0.73491 0 0
67 0.74613 0 0
68 0.75735 0 0
69 0.76857 0 0
70 0.77979 0 0
71 0.79101 0 0
72 0.80223 0 0
73 0.81345 0 0
74 0.82467 0 0
75 0.83589 0 0
76 0.84711 0 0
77 0.85833 0 0
78 0.86955 0 0
79 0.88077 0.000296402 2e-05
80 0.89199 0.00115597 0.0001
81 0.90321 0.00140929 0.0002
82 0.91443 0.0151241 0.0013
83 0.92565 0.0418637 0.00442
84 0.93687 0.0966662 0.0118
85 0.94809 0.1829 0.0261
86 0.95931 0.337055 0.05308
87 0.97053 0.517762 0.0955
88 0.98175 0.746945 0.15812
89 0.99297 0.989483 0.24298
90 1.00419 1.22083 0.35006
91 1.01541 1.45001 0.4801
92 1.02663 1.66436 0.63268
93 1.03785 1.84055 0.80512
94 1.04907 1.9819 0.99484
95 1.06029 2.06024 1.1963
96 1.07151 2.0786 1.40388
97 1.08273 2.12676 1.62074
98 1.09395 2.07567 1.8368
99 1.10517 2.07252 2.05698
100 1.11639 1.99417 2.27316
950000 100
1 0.00561 0 0
2 0.01683 0 0
3 0.02805 0 0
4 0.03927 0 0
5 0.05049 0 0
6 0.06171 0 0
7 0.07293 0 0
8 0.08415 0 0
9 0.09537 0 0
10 0.10659 0 0
11 0.11781 0 0
12 0.12903 0 0
13 0.14025 0 0
14 0.15147 0 0
15 0.16269 0 0
16 0.17391 0 0
17 0.18513 0 0
18 0.19635 0 0
19 0.20757 0 0
20 0.21879 0 0
21 0.23001 0 0
22 0.24123 0 0
23 0.25245 0 0
24 0.26367 0 0
25 0.27489 0 0
26 0.28611 0 0
27 0.29733 0 0
28 0.30855 0 0
29 0.31977 0 0
30 0.33099 0 0
31 0.34221 0 0
32 0.35343 0 0
33 0.36465 0 0
34 0.37587 0 0
35 0.38709 0 0
36 0.39831 0 0
37 0.40953 0 0
38 0.42075 0 0
39 0.43197 0 0
40 0.44319 0 0
41 0.45441 0 0
42 0.46563 0 0
43 0.47685 0 0
44 0.48807 0 0
45 0.49929 0 0
46 0.51051 0 0
47 0.52173 0 0
48 0.53295 0 0
49 0.54417 0 0
50 0.55539 0 0
51 0.56661 0 0
52 0.57783 0 0
53 0.58905 0 0
54 0.60027 0 0
55 0.61149 0 0
56 0.62271 0 0
57 0.63393 0 0
58 0.64515 0 0
59 0.65637 0 0
60 0.66759 0 0
61 0.67881 0 0
62 0.69003 0 0
63 0.70125 0 0
64 0.71247 0 0
65 0.72369 0 0
66 0.73491 0 0
67 0.74613 0 0
68 0.75735 0 0
69 0.76857 0 0
70 0.77979 0 0
71 0.79101 0 0
72 0.80223 0 0
73 0.81345 0 0
74 0.82467 0 0
75 0.83589 0 0
76 0.84711 0 0
77 0.85833 0 0
78 0.86955 0 0
79 0.88077 0 0
80 0.89199 0.000866977 6e-05
81 0.90321 0.00704643 0.00056
82 0.91443 0.0145741 0.00162
83 0.92565 0.0391802 0.00454
84 0.93687 0.0992859 0.01212
85 0.94809 0.197481 0.02756
86 0.95931 0.337055 0.05454
87 0.97053 0.53485 0.09836
88 0.98175 0.758158 0.16192
89 0.99297 0.964764 0.24466
90 1.00419 1.2149 0.35122
91 1.01541 1.47298 0.48332
92 1.02663 1.65084 0.63466
93 1.03785 1.86253 0.80916
94 1.04907 1.95349 0.99616
95 1.06029 1.98088 1.18986
96 1.07151 2.07059 1.39664
97 1.08273 2.1397 1.61482
98 1.09395 2.08681 1.83204
99 1.10517 2.06047 2.05094
100 1.11639 1.99454 2.26716
1000000 100
1 0.00561 0 0
2 0.01683 0 0
3 0.02805 0 0
4 0.03927 0 0
5 0.05049 0 0
6 0.06171 0 0
7 0.07293 0 0
8 0.08415 0 0
9 0.09537 0 0
10 0.10659 0 0
11 0.11781 0 0
12 0.12903 0 0
13 0.14025 0 0
14 0.15147 0 0
15 0.16269 0 0
16 0.17391 0 0
17 0.18513 0 0
18 0.19635 0 0
19 0.20757 0 0
20 0.21879 0 0
21 0.23001 0 0
22 0.24123 0 0
23 0.25245 0 0
24 0.26367 0 0
25 0.27489 0 0
26 0.28611 0 0
27 0.29733 0 0
28 0.30855 0 0
29 0.31977 0 0
30 0.33099 0 0
31 0.34221 0 0
32 0.35343 0 0
33 0.36465 0 0
34 0.37587 0 0
35 0.38709 0 0
36 0.39831 0 0
37 0.40953 0 0
38 0.42075 0 0
39 0.43197 0 0
40 0.44319 0 0
41 0.45441 0 0
42 0.46563 0 0
43 0.47685 0 0
44 0.48807 0 0
45 0.49929 0 0
46 0.51051 0 0
47 0.52173 0 0
48 0.53295 0 0
49 0.54417 0 0
50 0.55539 0 0
51 0.56661 0 0
52 0.57783 0 0
53 0.58905 0 0
54 0.60027 0 0
55 0.61149 0 0
56 0.62271 0 0
57 0.63393 0 0
58 0.64515 0 0
59 0.65637 0 0
60 0.66759 0 0
61 0.67881 0 0
62 0.69003 0 0
63 0.70125 0 0
64 0.71247 0 0
65 0.72369 0 0
66 0.73491 0 0
67 0.74613 0 0
68 0.75735 0 0
69 0.76857 0 0
70 0.77979 0 0
71 0.79101 0 0
72 0.80223 0 0
73 0.81345 0 0
74 0.82467 0 0
75 0.83589 0 0
76 0.84711 0 0
77 0.85833 0 0
78 0.86955 0.0003041 2e-05
79 0.88077 0 2e-05
80 0.89199 0.00173395 0.00014
81 0.90321 0.00535529 0.00052
82 0.91443 0.0140241 0.00154
83 0.92565 0.0364966 0.00426
84 0.93687 0.105311 0.0123
85 0.94809 0.200551 0.02798
86 0.95931 0.326312 0.0541
87 0.97053 0.517274 0.09648
88 0.98175 0.718079 0.15668
89 0.99297 0.996712 0.24216
90 1.00419 1.22425 0.34954
91 1.01541 1.48213 0.48246
92 1.02663 1.67069 0.63562
93 1.03785 1.81664 0.80582
94 1.04907 1.9328 0.99084
95 1.06029 2.02731 1.18908
96 1.07151 2.08161 1.39696
97 1.08273 2.10538 1.61164
98 1.09395 2.10506 1.83076
99 1.10517 2.05426 2.049
100 1.11639 1.98273 2.26394
