# Time-averaged data for fix calcRDF
# TimeStep Number-of-rows
# Row c_myRDF[1] c_myRDF[2] c_myRDF[3]
50000 100
1 0.015 0 0
2 0.045 0 0
3 0.075 0 0
4 0.105 0 0
5 0.135 0 0
6 0.165 0 0
7 0.195 0 0
8 0.225 0 0
9 0.255 0 0
10 0.285 0 0
11 0.315 0 0
12 0.345 0 0
13 0.375 0 0
14 0.405 0 0
15 0.435 0 0
16 0.465 0 0
17 0.495 0 0
18 0.525 0 0
19 0.555 0 0
20 0.585 0 0
21 0.615 0 0
22 0.645 0 0
23 0.675 0 0
24 0.705 0 0
25 0.735 0 0
26 0.765 0 0
27 0.795 0 0
28 0.825 0 0
29 0.855 0 0
30 0.885 0.000170172 2e-05
31 0.915 0.0116214 0.00148
32 0.945 0.130445 0.01896
33 0.975 0.536857 0.09554
34 1.005 1.1713 0.27306
35 1.035 1.81523 0.56484
36 1.065 2.27871 0.95266
37 1.095 2.44548 1.39264
38 1.125 2.42886 1.8539
39 1.155 2.29054 2.3124
40 1.185 2.10228 2.75536
41 1.215 1.93438 3.18384
42 1.245 1.73428 3.5872
43 1.275 1.57394 3.97112
44 1.305 1.46703 4.346
45 1.335 1.36063 4.70986
46 1.365 1.2464 5.05832
47 1.395 1.17344 5.40096
48 1.425 1.10939 5.73898
49 1.455 1.06732 6.07802
50 1.485 1.02101 6.41586
51 1.515 1.00002 6.76026
52 1.545 0.964805 7.10582
53 1.575 0.943662 7.45706
54 1.605 0.923669 7.81408
55 1.635 0.925238 8.1852
56 1.665 0.909699 8.5636
57 1.695 0.922368 8.96122
58 1.725 0.924833 9.37414
59 1.755 0.928626 9.8033
60 1.785 0.956787 10.2607
61 1.815 0.959165 10.7348
62 1.845 0.988177 11.2395
63 1.875 0.999994 11.767
64 1.905 1.03031 12.3281
65 1.935 1.04937 12.9176
66 1.965 1.07291 13.5392
67 1.995 1.09745 14.1946
68 2.025 1.12619 14.8875
69 2.055 1.13875 15.6091
70 2.085 1.15607 16.3631
71 2.115 1.16016 17.1418
72 2.145 1.17203 17.9509
73 2.175 1.17897 18.7878
74 2.205 1.15487 19.6303
75 2.235 1.1609 20.5004
76 2.265 1.13931 21.3774
77 2.295 1.13169 22.2717
78 2.325 1.11232 23.1739
79 2.355 1.09992 24.0892
80 2.385 1.08482 25.0151
81 2.415 1.08524 25.9648
82 2.445 1.06084 26.9163
83 2.475 1.05069 27.882
84 2.505 1.04447 28.8654
85 2.535 1.02172 29.8506
86 2.565 1.02235 30.8598
87 2.595 1.01382 31.8842
88 2.625 1.02596 32.9449
89 2.655 1.01017 34.0133
90 2.685 1.00509 35.1005
91 2.715 1.01193 36.2197
92 2.745 1.01118 37.363
93 2.775 1.00761 38.5272
94 2.805 1.00545 39.7142
95 2.835 1.01939 40.9435
96 2.865 1.015 42.1935
97 2.895 1.02418 43.4815
98 2.925 1.01857 44.789
99 2.955 1.02657 46.134
100 2.985 1.03077 47.5121
100000 100
1 0.015 0 0
2 0.045 0 0
3 0.075 0 0
4 0.105 0 0
5 0.135 0 0
6 0.165 0 0
7 0.195 0 0
8 0.225 0 0
9 0.255 0 0
10 0.285 0 0
11 0.315 0 0
12 0.345 0 0
13 0.375 0 0
14 0.405 0 0
15 0.435 0 0
16 0.465 0 0
17 0.495 0 0
18 0.525 0 0
19 0.555 0 0
20 0.585 0 0
21 0.615 0 0
22 0.645 0 0
23 0.675 0 0
24 0.705 0 0
25 0.735 0 0
26 0.765 0 0
27 0.795 0 0
28 0.825 0 0
29 0.855 0 0
30 0.885 0.000170172 2e-05
31 0.915 0.0151237 0.00192
32 0.945 0.134027 0.01988
33 0.975 0.515265 0.09338
34 1.005 1.15336 0.26818
35 1.035 1.83787 0.5636
36 1.065 2.30527 0.95594
37 1.095 2.47194 1.40068
38 1.125 2.4297 1.8621
39 1.155 2.28764 2.32002
40 1.185 2.11073 2.76476
41 1.215 1.93294 3.19292
42 1.245 1.75475 3.60104
43 1.275 1.60624 3.99284
44 1.305 1.44895 4.3631
45 1.335 1.34679 4.72326
46 1.365 1.25405 5.07386
47 1.395 1.17282 5.41632
48 1.425 1.11726 5.75674
49 1.455 1.07469 6.09812
50 1.485 1.01509 6.434
51 1.515 0.986551 6.77376
52 1.545 0.965754 7.11966
53 1.575 0.931733 7.46646
54 1.605 0.928326 7.82528
55 1.635 0.930722 8.1986
56 1.665 0.91441 8.57896
57 1.695 0.918053 8.97472
58 1.725 0.923579 9.38708
59 1.755 0.934339 9.81888
60 1.785 0.956452 10.2761
61 1.815 0.968674 10.7549
62 1.845 0.988138 11.2596
63 1.875 0.997302 11.7857
64 1.905 1.02829 12.3456
65 1.935 1.05934 12.9408
66 1.965 1.07933 13.5661
67 1.995 1.10921 14.2285
68 2.025 1.12414 14.9202
69 2.055 1.14197 15.6438
70 2.085 1.15435 16.3967
71 2.115 1.17688 17.1866
72 2.145 1.18538 18.005
73 2.175 1.17275 18.8374
74 2.205 1.15915 19.683
75 2.235 1.14878 20.544
76 2.265 1.14934 21.4287
77 2.295 1.14419 22.333
78 2.325 1.11976 23.2412
79 2.355 1.10552 24.1612
80 2.385 1.09307 25.0941
81 2.415 1.07845 26.0378
82 2.445 1.06231 26.9907
83 2.475 1.05669 27.9619
84 2.505 1.04878 28.9494
85 2.535 1.03639 29.9487
86 2.565 1.02397 30.9595
87 2.595 1.02823 31.9984
88 2.625 1.01625 33.0491
89 2.655 1.00694 34.1141
90 2.685 1.00762 35.2041
91 2.715 1.01005 36.3212
92 2.745 1.015 37.4687
93 2.775 1.01455 38.641
94 2.805 1.02166 39.8471
95 2.835 1.01463 41.0707
96 2.865 1.02115 42.3283
97 2.895 1.02395 43.6159
98 2.925 1.01309 44.9165
99 2.955 1.02889 46.2645
100 2.985 1.03502 47.6482
150000 100
1 0.015 0 0
2 0.045 0 0
3 0.075 0 0
4 0.105 0 0
5 0.135 0 0
6 0.165 0 0
7 0.195 0 0
8 0.225 0 0
9 0.255 0 0
10 0.285 0 0
11 0.315 0 0
12 0.345 0 0
13 0.375 0 0
14 0.405 0 0
15 0.435 0 0
16 0.465 0 0
17 0.495 0 0
18 0.525 0 0
19 0.555 0 0
20 0.585 0 0
21 0.615 0 0
22 0.645 0 0
23 0.675 0 0
24 0.705 0 0
25 0.735 0 0
26 0.765 0 0
27 0.795 0 0
28 0.825 0 0
29 0.855 0 0
30 0.885 0.000170172 2e-05
31 0.915 0.0135318 0.00172
32 0.945 0.121639 0.01802
33 0.975 0.496196 0.0888
34 1.005 1.16273 0.26502
35 1.035 1.83638 0.5602
36 1.065 2.27612 0.94758
37 1.095 2.42992 1.38476
38 1.125 2.41211 1.84284
39 1.155 2.26756 2.29674
40 1.185 2.10485 2.74024
41 1.215 1.92906 3.16754
42 1.245 1.76025 3.57694
43 1.275 1.59378 3.9657
44 1.305 1.45944 4.33864
45 1.335 1.33326 4.69518
46 1.365 1.2597 5.04736
47 1.395 1.18172 5.39242
48 1.425 1.10637 5.72952
49 1.455 1.05114 6.06342
50 1.485 1.0094 6.39742
51 1.515 0.984228 6.73638
52 1.545 0.954363 7.0782
53 1.575 0.944092 7.4296
54 1.605 0.923721 7.78664
55 1.635 0.919653 8.15552
56 1.665 0.923402 8.53962
57 1.695 0.917079 8.93496
58 1.725 0.925191 9.34804
59 1.755 0.936979 9.78106
60 1.785 0.94227 10.2315
61 1.815 0.95868 10.7054
62 1.845 0.974355 11.2031
63 1.875 0.993207 11.727
64 1.905 1.01914 12.2819
65 1.935 1.04724 12.8703
66 1.965 1.06608 13.4879
67 1.995 1.08761 14.1374
68 2.025 1.11784 14.8252
69 2.055 1.14866 15.553
70 2.085 1.15187 16.3044
71 2.115 1.16439 17.0859
72 2.145 1.16884 17.8928
73 2.175 1.173 18.7254
74 2.205 1.15893 19.5709
75 2.235 1.13984 20.4252
76 2.265 1.14763 21.3086
77 2.295 1.12875 22.2006
78 2.325 1.10798 23.0993
79 2.355 1.09699 24.0121
80 2.385 1.07997 24.9339
81 2.415 1.0614 25.8627
82 2.445 1.05507 26.8091
83 2.475 1.04529 27.7698
84 2.505 1.04109 28.75
85 2.535 1.03352 29.7466
86 2.565 1.02509 30.7585
87 2.595 1.0131 31.7821
88 2.625 1.01246 32.8289
89 2.655 1.01068 33.8979
90 2.685 1.00723 34.9874
91 2.715 1.01077 36.1053
92 2.745 1.00992 37.2471
93 2.775 1.00027 38.4029
94 2.805 1.00557 39.59
95 2.835 1.01515 40.8142
96 2.865 1.01686 42.0665
97 2.895 1.01191 43.339
98 2.925 1.02382 44.6533
99 2.955 1.02566 45.9971
100 2.985 1.03248 47.3775
200000 100
1 0.015 0 0
2 0.045 0 0
3 0.075 0 0
4 0.105 0 0
5 0.135 0 0
6 0.165 0 0
7 0.195 0 0
8 0.225 0 0
9 0.255 0 0
10 0.285 0 0
11 0.315 0 0
12 0.345 0 0
13 0.375 0 0
14 0.405 0 0
15 0.435 0 0
16 0.465 0 0
17 0.495 0 0
18 0.525 0 0
19 0.555 0 0
20 0.585 0 0
21 0.615 0 0
22 0.645 0 0
23 0.675 0 0
24 0.705 0 0
25 0.735 0 0
26 0.765 0 0
27 0.795 0 0
28 0.825 0 0
29 0.855 0 0
30 0.885 0.000170172 2e-05
31 0.915 0.0106662 0.00136
32 0.945 0.125072 0.01812
33 0.975 0.504329 0.09006
34 1.005 1.17869 0.2687
35 1.035 1.84683 0.56556
36 1.065 2.27824 0.9533
37 1.095 2.45871 1.39566
38 1.125 2.40727 1.85282
39 1.155 2.30792 2.3148
40 1.185 2.07817 2.75268
41 1.215 1.94802 3.18418
42 1.245 1.74847 3.59084
43 1.275 1.59812 3.98066
44 1.305 1.45005 4.3512
45 1.335 1.3352 4.70826
46 1.365 1.24826 5.05724
47 1.395 1.18145 5.40222
48 1.425 1.09363 5.73544
49 1.455 1.06122 6.07254
50 1.485 1.01351 6.4079
51 1.515 0.979233 6.74514
52 1.545 0.967541 7.09168
53 1.575 0.93399 7.43932
54 1.605 0.919995 7.79492
55 1.635 0.910927 8.1603
56 1.665 0.896428 8.53318
57 1.695 0.924409 8.93168
58 1.725 0.934778 9.34904
59 1.755 0.932045 9.77978
60 1.785 0.954067 10.2359
61 1.815 0.961957 10.7114
62 1.845 0.984261 11.2141
63 1.875 1.00288 11.7431
64 1.905 1.02156 12.2994
65 1.935 1.04407 12.8859
66 1.965 1.06922 13.5054
67 1.995 1.10777 14.1669
68 2.025 1.1207 14.8565
69 2.055 1.13875 15.578
70 2.085 1.15092 16.3288
71 2.115 1.16975 17.1139
72 2.145 1.1722 17.9231
73 2.175 1.16748 18.7518
74 2.205 1.16246 19.5998
75 2.235 1.15585 20.4662
76 2.265 1.13939 21.3432
77 2.295 1.126 22.2331
78 2.325 1.11481 23.1373
79 2.355 1.09233 24.0463
80 2.385 1.08241 24.9701
81 2.415 1.07173 25.9079
82 2.445 1.05948 26.8583
83 2.475 1.0519 27.8251
84 2.505 1.03776 28.8022
85 2.535 1.03186 29.7971
86 2.565 1.01806 30.8021
87 2.595 1.01544 31.8281
88 2.625 1.01101 32.8734
89 2.655 1.00964 33.9412
90 2.685 1.00997 35.0337
91 2.715 1.02126 36.1632
92 2.745 1.00578 37.3004
93 2.775 1.01069 38.4681
94 2.805 1.01378 39.665
95 2.835 1.02034 40.8954
96 2.865 1.01306 42.1431
97 2.895 1.01311 43.4171
98 2.925 1.02922 44.7383
99 2.955 1.02615 46.0828
100 2.985 1.02732 47.4562
250000 100
1 0.015 0 0
2 0.045 0 0
3 0.075 0 0
4 0.105 0 0
5 0.135 0 0
6 0.165 0 0
7 0.195 0 0
8 0.225 0 0
9 0.255 0 0
10 0.285 0 0
11 0.315 0 0
12 0.345 0 0
13 0.375 0 0
14 0.405 0 0
15 0.435 0 0
16 0.465 0 0
17 0.495 0 0
18 0.525 0 0
19 0.555 0 0
20 0.585 0 0
21 0.615 0 0
22 0.645 0 0
23 0.675 0 0
24 0.705 0 0
25 0.735 0 0
26 0.765 0 0
27 0.795 0 0
28 0.825 0 0
29 0.855 0 0
30 0.885 0.000340344 4e-05
31 0.915 0.0117806 0.00152
32 0.945 0.127908 0.01866
33 0.975 0.500262 0.09002
34 1.005 1.17856 0.26864
35 1.035 1.81349 0.56014
36 1.065 2.28118 0.94838
37 1.095 2.46038 1.39104
38 1.125 2.4179 1.85022
39 1.155 2.28684 2.30798
40 1.185 2.11823 2.7543
41 1.215 1.92472 3.18064
42 1.245 1.73256 3.5836
43 1.275 1.57943 3.96886
44 1.305 1.4459 4.33834
45 1.335 1.33588 4.69558
46 1.365 1.25005 5.04506
47 1.395 1.17453 5.38802
48 1.425 1.10604 5.72502
49 1.455 1.06663 6.06384
50 1.485 1.02325 6.40242
51 1.515 0.986086 6.74202
52 1.545 0.969272 7.08918
53 1.575 0.945166 7.44098
54 1.605 0.920151 7.79664
55 1.635 0.920301 8.16578
56 1.665 0.904794 8.54214
57 1.695 0.903624 8.93168
58 1.725 0.925415 9.34486
59 1.755 0.926203 9.7729
60 1.785 0.943442 10.2239
61 1.815 0.947917 10.6925
62 1.845 0.986689 11.1964
63 1.875 0.994875 11.7212
64 1.905 1.01499 12.2739
65 1.935 1.03481 12.8553
66 1.965 1.07667 13.4791
67 1.995 1.10546 14.1392
68 2.025 1.13068 14.8349
69 2.055 1.1485 15.5626
70 2.085 1.15852 16.3183
71 2.115 1.15953 17.0966
72 2.145 1.17096 17.905
73 2.175 1.16356 18.7309
74 2.205 1.16071 19.5776
75 2.235 1.1514 20.4406
76 2.265 1.13752 21.3162
77 2.295 1.12349 22.2041
78 2.325 1.11387 23.1075
79 2.355 1.09565 24.0193
80 2.385 1.08492 24.9452
81 2.415 1.06343 25.8758
82 2.445 1.06086 26.8274
83 2.475 1.0496 27.7921
84 2.505 1.0395 28.7708
85 2.535 1.03309 29.7669
86 2.565 1.02691 30.7807
87 2.595 1.01847 31.8097
88 2.625 1.00691 32.8508
89 2.655 1.00955 33.9185
90 2.685 1.00978 35.0108
91 2.715 1.00556 36.123
92 2.745 0.999962 37.2535
93 2.775 1.00421 38.4138
94 2.805 1.00623 39.6017
95 2.835 1.01229 40.8225
96 2.865 1.01139 42.0681
97 2.895 1.01936 43.35
98 2.925 1.02026 44.6597
99 2.955 1.02815 46.0067
100 2.985 1.02573 47.3781
300000 100
1 0.015 0 0
2 0.045 0 0
3 0.075 0 0
4 0.105 0 0
5 0.135 0 0
6 0.165 0 0
7 0.195 0 0
8 0.225 0 0
9 0.255 0 0
10 0.285 0 0
11 0.315 0 0
12 0.345 0 0
13 0.375 0 0
14 0.405 0 0
15 0.435 0 0
16 0.465 0 0
17 0.495 0 0
18 0.525 0 0
19 0.555 0 0
20 0.585 0 0
21 0.615 0 0
22 0.645 0 0
23 0.675 0 0
24 0.705 0 0
25 0.735 0 0
26 0.765 0 0
27 0.795 0 0
28 0.825 0 0
29 0.855 0.000182322 2e-05
30 0.885 0.000340344 6e-05
31 0.915 0.012895 0.00168
32 0.945 0.122535 0.0181
33 0.975 0.511619 0.09108
34 1.005 1.15045 0.26544
35 1.035 1.83202 0.55992
36 1.065 2.278 0.94762
37 1.095 2.45715 1.3897
38 1.125 2.40284 1.84602
39 1.155 2.28235 2.30288
40 1.185 2.09099 2.74346
41 1.215 1.92256 3.16932
42 1.245 1.75724 3.57802
43 1.275 1.59115 3.96614
44 1.305 1.45005 4.33668
45 1.335 1.34253 4.6957
46 1.365 1.26643 5.04976
47 1.395 1.17029 5.39148
48 1.425 1.10991 5.72966
49 1.455 1.06222 6.06708
50 1.485 1.0108 6.40154
51 1.515 0.977259 6.7381
52 1.545 0.959667 7.08182
53 1.575 0.925124 7.42616
54 1.605 0.926256 7.78418
55 1.635 0.925038 8.15522
56 1.665 0.906381 8.53224
57 1.695 0.921857 8.92964
58 1.725 0.931508 9.34554
59 1.755 0.927891 9.77436
60 1.785 0.942103 10.2248
61 1.815 0.95431 10.6965
62 1.845 0.97365 11.1938
63 1.875 1.00591 11.7244
64 1.905 1.01877 12.2791
65 1.935 1.04862 12.8682
66 1.965 1.07447 13.4907
67 1.995 1.08546 14.139
68 2.025 1.11026 14.8221
69 2.055 1.13187 15.5393
70 2.085 1.14258 16.2846
71 2.115 1.16022 17.0633
72 2.145 1.1667 17.8687
73 2.175 1.17996 18.7063
74 2.205 1.15972 19.5523
75 2.235 1.15295 20.4164
76 2.265 1.13349 21.289
77 2.295 1.12643 22.1792
78 2.325 1.11101 23.0803
79 2.355 1.10036 23.9959
80 2.385 1.07882 24.9167
81 2.415 1.06816 25.8514
82 2.445 1.0558 26.7985
83 2.475 1.05291 27.7662
84 2.505 1.03784 28.7434
85 2.535 1.02699 29.7336
86 2.565 1.02434 30.7448
87 2.595 1.02069 31.7761
88 2.625 1.01062 32.821
89 2.655 1.0072 33.8863
90 2.685 1.00987 34.9786
91 2.715 1.00574 36.091
92 2.745 1.01089 37.2339
93 2.775 1.00196 38.3916
94 2.805 1.01026 39.5843
95 2.835 1.01188 40.8045
96 2.865 1.01009 42.0485
97 2.895 1.00973 43.3183
98 2.925 1.01787 44.625
99 2.955 1.02628 45.9696
100 2.985 1.02428 47.339
350000 100
1 0.015 0 0
2 0.045 0 0
3 0.075 0 0
4 0.105 0 0
5 0.135 0 0
6 0.165 0 0
7 0.195 0 0
8 0.225 0 0
9 0.255 0 0
10 0.285 0 0
11 0.315 0 0
12 0.345 0 0
13 0.375 0 0
14 0.405 0 0
15 0.435 0 0
16 0.465 0 0
17 0.495 0 0
18 0.525 0 0
19 0.555 0 0
20 0.585 0 0
21 0.615 0 0
22 0.645 0 0
23 0.675 0 0
24 0.705 0 0
25 0.735 0 0
26 0.765 0 0
27 0.795 0 0
28 0.825 0 0
29 0.855 0 0
30 0.885 0.000850861 0.0001
31 0.915 0.0133726 0.00178
32 0.945 0.130893 0.01932
33 0.975 0.504469 0.09128
34 1.005 1.17223 0.26894
35 1.035 1.8263 0.5625
36 1.065 2.27859 0.9503
37 1.095 2.46282 1.3934
38 1.125 2.40526 1.85018
39 1.155 2.26996 2.30456
40 1.185 2.11234 2.74964
41 1.215 1.92409 3.17584
42 1.245 1.75174 3.58326
43 1.275 1.57131 3.96654
44 1.305 1.46249 4.34026
45 1.335 1.34657 4.70036
46 1.365 1.24568 5.04862
47 1.395 1.15885 5.387
48 1.425 1.11339 5.72624
49 1.455 1.06928 6.0659
50 1.485 1.02578 6.40532
51 1.515 0.982834 6.7438
52 1.545 0.965475 7.0896
53 1.575 0.929691 7.43564
54 1.605 0.927964 7.79432
55 1.635 0.916312 8.16186
56 1.665 0.919026 8.54414
57 1.695 0.916661 8.9393
58 1.725 0.927342 9.35334
59 1.755 0.934901 9.7854
60 1.785 0.94683 10.2381
61 1.815 0.96572 10.7154
62 1.845 0.974707 11.2132
63 1.875 1.00572 11.7438
64 1.905 1.0281 12.3036
65 1.935 1.0551 12.8963
66 1.965 1.07105 13.5169
67 1.995 1.10988 14.1797
68 2.025 1.12775 14.8735
69 2.055 1.13468 15.5925
70 2.085 1.1489 16.3419
71 2.115 1.16892 17.1265
72 2.145 1.17072 17.9347
73 2.175 1.16297 18.7602
74 2.205 1.15144 19.6002
75 2.235 1.15054 20.4625
76 2.265 1.13284 21.3345
77 2.295 1.13521 22.2317
78 2.325 1.11301 23.1344
79 2.355 1.10254 24.0519
80 2.385 1.08182 24.9752
81 2.415 1.07301 25.9142
82 2.445 1.06358 26.8682
83 2.475 1.04749 27.831
84 2.505 1.04371 28.8136
85 2.535 1.03367 29.8103
86 2.565 1.02831 30.8254
87 2.595 1.02385 31.8599
88 2.625 1.01171 32.9059
89 2.655 1.00977 33.9739
90 2.685 1.01113 35.0677
91 2.715 1.0114 36.1863
92 2.745 1.0098 37.328
93 2.775 1.01213 38.4974
94 2.805 1.01048 39.6903
95 2.835 1.01347 40.9125
96 2.865 1.01933 42.1679
97 2.895 1.02072 43.4515
98 2.925 1.02731 44.7703
99 2.955 1.01996 46.1066
100 2.985 1.02799 47.4809
400000 100
1 0.015 0 0
2 0.045 0 0
3 0.075 0 0
4 0.105 0 0
5 0.135 0 0
6 0.165 0 0
7 0.195 0 0
8 0.225 0 0
9 0.255 0 0
10 0.285 0 0
11 0.315 0 0
12 0.345 0 0
13 0.375 0 0
14 0.405 0 0
15 0.435 0 0
16 0.465 0 0
17 0.495 0 0
18 0.525 0 0
19 0.555 0 0
20 0.585 0 0
21 0.615 0 0
22 0.645 0 0
23 0.675 0 0
24 0.705 0 0
25 0.735 0 0
26 0.765 0 0
27 0.795 0 0
28 0.825 0 0
29 0.855 0 0
30 0.885 0.000510516 6e-05
31 0.915 0.0151237 0.00196
32 0.945 0.12552 0.01878
33 0.975 0.515685 0.09234
34 1.005 1.1713 0.26986
35 1.035 1.85915 0.5687
36 1.065 2.27847 0.95648
37 1.095 2.46049 1.39916
38 1.125 2.43886 1.86232
39 1.155 2.28774 2.32026
40 1.185 2.11272 2.76542
41 1.215 1.92987 3.1929
42 1.245 1.75251 3.6005
43 1.275 1.60476 3.99194
44 1.305 1.48613 4.3717
45 1.335 1.34066 4.73022
46 1.365 1.25305 5.08054
47 1.395 1.16782 5.42154
48 1.425 1.12645 5.76476
49 1.455 1.06317 6.10248
50 1.485 1.01611 6.4387
51 1.515 0.988002 6.77896
52 1.545 0.958327 7.1222
53 1.575 0.939685 7.47196
54 1.605 0.932414 7.83236
55 1.635 0.934512 8.2072
56 1.665 0.929845 8.59398
57 1.695 0.931832 8.99568
58 1.725 0.926535 9.40936
59 1.755 0.941999 9.8447
60 1.785 0.94294 10.2955
61 1.815 0.95961 10.7698
62 1.845 0.985514 11.2732
63 1.875 1.01482 11.8085
64 1.905 1.02222 12.3651
65 1.935 1.05503 12.9578
66 1.965 1.08299 13.5853
67 1.995 1.10894 14.2475
68 2.025 1.13458 14.9456
69 2.055 1.13774 15.6665
70 2.085 1.16834 16.4286
71 2.115 1.17041 17.2142
72 2.145 1.17145 18.0229
73 2.175 1.17725 18.8585
74 2.205 1.17324 19.7144
75 2.235 1.16605 20.5884
76 2.265 1.15202 21.4751
77 2.295 1.13693 22.3736
78 2.325 1.11868 23.281
79 2.355 1.10478 24.2003
80 2.385 1.09331 25.1334
81 2.415 1.08183 26.0801
82 2.445 1.05841 27.0295
83 2.475 1.06202 28.0056
84 2.505 1.04088 28.9856
85 2.535 1.03188 29.9806
86 2.565 1.02487 30.9923
87 2.595 1.01902 32.0219
88 2.625 1.02103 33.0776
89 2.655 1.0204 34.1568
90 2.685 1.01681 35.2567
91 2.715 1.01155 36.3755
92 2.745 1.0147 37.5227
93 2.775 1.01152 38.6914
94 2.805 1.01441 39.889
95 2.835 1.00967 41.1066
96 2.865 1.01933 42.362
97 2.895 1.02033 43.6451
98 2.925 1.02203 44.9571
99 2.955 1.02801 46.3039
100 2.985 1.03167 47.6832
450000 100
1 0.015 0 0
2 0.045 0 0
3 0.075 0 0
4 0.105 0 0
5 0.135 0 0
6 0.165 0 0
7 0.195 0 0
8 0.225 0 0
9 0.255 0 0
10 0.285 0 0
11 0.315 0 0
12 0.345 0 0
13 0.375 0 0
14 0.405 0 0
15 0.435 0 0
16 0.465 0 0
17 0.495 0 0
18 0.525 0 0
19 0.555 0 0
20 0.585 0 0
21 0.615 0 0
22 0.645 0 0
23 0.675 0 0
24 0.705 0 0
25 0.735 0 0
26 0.765 0 0
27 0.795 0 0
28 0.825 0 0
29 0.855 0 0
30 0.885 0.000170172 2e-05
31 0.915 0.00987023 0.00126
32 0.945 0.119401 0.01726
33 0.975 0.508955 0.08986
34 1.005 1.15784 0.26534
35 1.035 1.84895 0.56254
36 1.065 2.28729 0.95182
37 1.095 2.46071 1.39454
38 1.125 2.45276 1.86034
39 1.155 2.24458 2.30964
40 1.185 2.12953 2.75834
41 1.215 1.92761 3.18532
42 1.245 1.75088 3.59254
43 1.275 1.57615 3.977
44 1.305 1.45584 4.34902
45 1.335 1.34178 4.70784
46 1.365 1.24203 5.05508
47 1.395 1.18967 5.40246
48 1.425 1.1233 5.74472
49 1.455 1.07192 6.08522
50 1.485 1.02572 6.42462
51 1.515 0.990848 6.76586
52 1.545 0.946043 7.1047
53 1.575 0.933614 7.4522
54 1.605 0.9231 7.809
55 1.635 0.926933 8.1808
56 1.665 0.915276 8.56152
57 1.695 0.914527 8.95576
58 1.725 0.932717 9.3722
59 1.755 0.915687 9.79538
60 1.785 0.93771 10.2437
61 1.815 0.955321 10.7159
62 1.845 0.982108 11.2175
63 1.875 1.00777 11.7491
64 1.905 1.02417 12.3068
65 1.935 1.05585 12.9
66 1.965 1.08275 13.5273
67 1.995 1.09909 14.1836
68 2.025 1.12817 14.8778
69 2.055 1.15434 15.6092
70 2.085 1.15773 16.3644
71 2.115 1.1649 17.1462
72 2.145 1.16893 17.9532
73 2.175 1.16914 18.7831
74 2.205 1.16575 19.6335
75 2.235 1.15543 20.4995
76 2.265 1.14521 21.381
77 2.295 1.13422 22.2774
78 2.325 1.11922 23.1852
79 2.355 1.10773 24.107
80 2.385 1.08082 25.0294
81 2.415 1.0771 25.972
82 2.445 1.06155 26.9242
83 2.475 1.04538 27.885
84 2.505 1.03145 28.8561
85 2.535 1.02786 29.8472
86 2.565 1.02094 30.8551
87 2.595 1.01813 31.8838
88 2.625 1.01583 32.934
89 2.655 1.01501 34.0076
90 2.685 1.01 35.1001
91 2.715 1.01453 36.2222
92 2.745 1.01321 37.3677
93 2.775 1.00996 38.5346
94 2.805 1.01697 39.7352
95 2.835 1.02052 40.9659
96 2.865 1.01249 42.2129
97 2.895 1.02071 43.4964
98 2.925 1.02675 44.8145
99 2.955 1.02979 46.1637
100 2.985 1.02753 47.5374
500000 100
1 0.015 0 0
2 0.045 0 0
3 0.075 0 0
4 0.105 0 0
5 0.135 0 0
6 0.165 0 0
7 0.195 0 0
8 0.225 0 0
9 0.255 0 0
10 0.285 0 0
11 0.315 0 0
12 0.345 0 0
13 0.375 0 0
14 0.405 0 0
15 0.435 0 0
16 0.465 0 0
17 0.495 0 0
18 0.525 0 0
19 0.555 0 0
20 0.585 0 0
21 0.615 0 0
22 0.645 0 0
23 0.675 0 0
24 0.705 0 0
25 0.735 0 0
26 0.765 0 0
27 0.795 0 0
28 0.825 0 0
29 0.855 0 0
30 0.885 0.000340344 4e-05
31 0.915 0.0141686 0.00182
32 0.945 0.132833 0.01962
33 0.975 0.51905 0.09366
34 1.005 1.17249 0.27136
35 1.035 1.82618 0.5649
36 1.065 2.26825 0.95094
37 1.095 2.45393 1.39244
38 1.125 2.40042 1.8483
39 1.155 2.30942 2.31058
40 1.185 2.14709 2.76298
41 1.215 1.93872 3.19242
42 1.245 1.74305 3.59782
43 1.275 1.60296 3.98882
44 1.305 1.46797 4.36394
45 1.335 1.34537 4.72372
46 1.365 1.26128 5.07634
47 1.395 1.17782 5.42026
48 1.425 1.11904 5.76122
49 1.455 1.0609 6.09822
50 1.485 1.0221 6.43642
51 1.515 0.992997 6.7784
52 1.545 0.954865 7.1204
53 1.575 0.948014 7.47326
54 1.605 0.939865 7.83654
55 1.635 0.924041 8.20718
56 1.665 0.911814 8.58646
57 1.695 0.917821 8.98212
58 1.725 0.938809 9.40128
59 1.755 0.936935 9.83428
60 1.785 0.95231 10.2896
61 1.815 0.967055 10.7676
62 1.845 0.992484 11.2745
63 1.875 1.00306 11.8036
64 1.905 1.0223 12.3603
65 1.935 1.0577 12.9545
66 1.965 1.08665 13.584
67 1.995 1.10964 14.2467
68 2.025 1.12762 14.9405
69 2.055 1.13471 15.6595
70 2.085 1.15497 16.4129
71 2.115 1.17488 17.2014
72 2.145 1.17406 18.0119
73 2.175 1.17275 18.8444
74 2.205 1.17557 19.702
75 2.235 1.16431 20.5746
76 2.265 1.15332 21.4624
77 2.295 1.12721 22.3532
78 2.325 1.11712 23.2593
79 2.355 1.10252 24.1768
80 2.385 1.09902 25.1148
81 2.415 1.08162 26.0613
82 2.445 1.0583 27.0105
83 2.475 1.05497 27.9802
84 2.505 1.04375 28.9629
85 2.535 1.03512 29.961
86 2.565 1.02059 30.9685
87 2.595 1.02854 32.0077
88 2.625 1.01788 33.0601
89 2.655 1.01934 34.1382
90 2.685 1.02039 35.242
91 2.715 1.01273 36.3621
92 2.745 1.01089 37.505
93 2.775 1.00839 38.6701
94 2.805 1.0158 39.8693
95 2.835 1.01964 41.0989
96 2.865 1.02615 42.3627
97 2.895 1.02085 43.6464
98 2.925 1.02833 44.9665
99 2.955 1.03195 46.3186
100 2.985 1.03173 47.6979
550000 100
1 0.015 0 0
2 0.045 0 0
3 0.075 0 0
4 0.105 0 0
5 0.135 0 0
6 0.165 0 0
7 0.195 0 0
8 0.225 0 0
9 0.255 0 0
10 0.285 0 0
11 0.315 0 0
12 0.345 0 0
13 0.375 0 0
14 0.405 0 0
15 0.435 0 0
16 0.465 0 0
17 0.495 0 0
18 0.525 0 0
19 0.555 0 0
20 0.585 0 0
21 0.615 0 0
22 0.645 0 0
23 0.675 0 0
24 0.705 0 0
25 0.735 0 0
26 0.765 0 0
27 0.795 0 0
28 0.825 0 0
29 0.855 0 0
30 0.885 0.000340344 4e-05
31 0.915 0.0130542 0.00168
32 0.945 0.120445 0.01782
33 0.975 0.489186 0.0876
34 1.005 1.13198 0.25916
35 1.035 1.78835 0.54662
36 1.065 2.2525 0.92998
37 1.095 2.44659 1.37016
38 1.125 2.43149 1.83192
39 1.155 2.27785 2.28788
40 1.185 2.11272 2.73304
41 1.215 1.91316 3.15682
42 1.245 1.75071 3.564
43 1.275 1.59033 3.95192
44 1.305 1.45889 4.32472
45 1.335 1.34433 4.68422
46 1.365 1.24926 5.03348
47 1.395 1.15624 5.3711
48 1.425 1.10571 5.708
49 1.455 1.07035 6.048
50 1.485 1.0331 6.38984
51 1.515 0.988293 6.7302
52 1.545 0.951794 7.0711
53 1.575 0.930336 7.41738
54 1.605 0.931017 7.77724
55 1.635 0.916661 8.14492
56 1.665 0.907246 8.5223
57 1.695 0.908635 8.914
58 1.725 0.914575 9.32234
59 1.755 0.92326 9.74902
60 1.785 0.939718 10.1983
61 1.815 0.949899 10.6678
62 1.845 0.976821 11.1667
63 1.875 0.991008 11.6895
64 1.905 1.03537 12.2533
65 1.935 1.04325 12.8394
66 1.965 1.08106 13.4657
67 1.995 1.08871 14.1158
68 2.025 1.11094 14.7994
69 2.055 1.14108 15.5224
70 2.085 1.14328 16.2682
71 2.115 1.1536 17.0424
72 2.145 1.16809 17.8488
73 2.175 1.16914 18.6787
74 2.205 1.14727 19.5157
75 2.235 1.14494 20.3738
76 2.265 1.12461 21.2395
77 2.295 1.12126 22.1256
78 2.325 1.11192 23.0275
79 2.355 1.0998 23.9427
80 2.385 1.08829 24.8715
81 2.415 1.07582 25.8129
82 2.445 1.05248 26.757
83 2.475 1.04442 27.7169
84 2.505 1.03527 28.6917
85 2.535 1.0234 29.6784
86 2.565 1.0291 30.6943
87 2.595 1.02389 31.7289
88 2.625 1.00325 32.7661
89 2.655 1.00433 33.8284
90 2.685 1.00094 34.9111
91 2.715 1.00553 36.0232
92 2.745 1.00589 37.1605
93 2.775 1.00067 38.3167
94 2.805 1.00535 39.5035
95 2.835 1.00362 40.7138
96 2.865 1.01259 41.9609
97 2.895 1.0153 43.2377
98 2.925 1.01954 44.5465
99 2.955 1.02899 45.8946
100 2.985 1.02346 47.2629
600000 100
1 0.015 0 0
2 0.045 0 0
3 0.075 0 0
4 0.105 0 0
5 0.135 0 0
6 0.165 0 0
7 0.195 0 0
8 0.225 0 0
9 0.255 0 0
10 0.285 0 0
11 0.315 0 0
12 0.345 0 0
13 0.375 0 0
14 0.405 0 0
15 0.435 0 0
16 0.465 0 0
17 0.495 0 0
18 0.525 0 0
19 0.555 0 0
20 0.585 0 0
21 0.615 0 0
22 0.645 0 0
23 0.675 0 0
24 0.705 0 0
25 0.735 0 0
26 0.765 0 0
27 0.795 0 0
28 0.825 0 0
29 0.855 0 0
30 0.885 0 0
31 0.915 0.0141686 0.00178
32 0.945 0.126117 0.01868
33 0.975 0.523257 0.09332
34 1.005 1.16603 0.27004
35 1.035 1.83016 0.56422
36 1.065 2.28423 0.95298
37 1.095 2.44359 1.39262
38 1.125 2.40832 1.84998
39 1.155 2.26386 2.30314
40 1.185 2.10171 2.74598
41 1.215 1.92057 3.1714
42 1.245 1.77109 3.58332
43 1.275 1.58082 3.96892
44 1.305 1.44723 4.33874
45 1.335 1.32802 4.69388
46 1.365 1.25813 5.04562
47 1.395 1.18275 5.39098
48 1.425 1.11274 5.73002
49 1.455 1.05908 6.06644
50 1.485 1.00318 6.39838
51 1.515 0.98568 6.73784
52 1.545 0.964749 7.08338
53 1.575 0.942909 7.43434
54 1.605 0.938157 7.79696
55 1.635 0.932218 8.17088
56 1.665 0.917247 8.55242
57 1.695 0.91179 8.94548
58 1.725 0.93088 9.3611
59 1.755 0.927718 9.78984
60 1.785 0.948001 10.2431
61 1.815 0.951194 10.7132
62 1.845 0.981951 11.2148
63 1.875 0.999349 11.7419
64 1.905 1.01991 12.2973
65 1.935 1.04286 12.8832
66 1.965 1.07388 13.5053
67 1.995 1.10345 14.1643
68 2.025 1.12138 14.8542
69 2.055 1.14216 15.578
70 2.085 1.15911 16.334
71 2.115 1.16013 17.1127
72 2.145 1.16386 17.9162
73 2.175 1.17066 18.7471
74 2.205 1.16803 19.5992
75 2.235 1.15407 20.4642
76 2.265 1.14555 21.346
77 2.295 1.13323 22.2416
78 2.325 1.11989 23.1499
79 2.355 1.09923 24.0646
80 2.385 1.09108 24.9958
81 2.415 1.07337 25.9351
82 2.445 1.06158 26.8873
83 2.475 1.04823 27.8508
84 2.505 1.04007 28.83
85 2.535 1.03373 29.8268
86 2.565 1.02851 30.8421
87 2.595 1.02033 31.873
88 2.625 1.01856 32.9261
89 2.655 1.01581 34.0005
90 2.685 1.00997 35.093
91 2.715 1.01455 36.2151
92 2.745 1.01166 37.3588
93 2.775 1.00896 38.5246
94 2.805 1.01453 39.7223
95 2.835 1.01758 40.9494
96 2.865 1.01633 42.2011
97 2.895 1.01673 43.4797
98 2.925 1.02169 44.7913
99 2.955 1.01755 46.1244
100 2.985 1.03059 47.5023
650000 100
1 0.015 0 0
2 0.045 0 0
3 0.075 0 0
4 0.105 0 0
5 0.135 0 0
6 0.165 0 0
7 0.195 0 0
8 0.225 0 0
9 0.255 0 0
10 0.285 0 0
11 0.315 0 0
12 0.345 0 0
13 0.375 0 0
14 0.405 0 0
15 0.435 0 0
16 0.465 0 0
17 0.495 0 0
18 0.525 0 0
19 0.555 0 0
20 0.585 0 0
21 0.615 0 0
22 0.645 0 0
23 0.675 0 0
24 0.705 0 0
25 0.735 0 0
26 0.765 0 0
27 0.795 0 0
28 0.825 0 0
29 0.855 0 0
30 0.885 0.000510516 6e-05
31 0.915 0.0135318 0.00176
32 0.945 0.126565 0.01872
33 0.975 0.517648 0.09256
34 1.005 1.19532 0.27372
35 1.035 1.84708 0.57062
36 1.065 2.23664 0.95128
37 1.095 2.43047 1.38856
38 1.125 2.42064 1.84826
39 1.155 2.28454 2.30556
40 1.185 2.09982 2.748
41 1.215 1.93393 3.17638
42 1.245 1.7624 3.58628
43 1.275 1.60321 3.97734
44 1.305 1.44144 4.34568
45 1.335 1.36444 4.71056
46 1.365 1.24912 5.05978
47 1.395 1.18097 5.40462
48 1.425 1.113 5.74374
49 1.455 1.07186 6.08422
50 1.485 1.01225 6.41916
51 1.515 0.978072 6.756
52 1.545 0.961063 7.10022
53 1.575 0.941297 7.45058
54 1.605 0.939503 7.81372
55 1.635 0.913969 8.18032
56 1.665 0.907631 8.55786
57 1.695 0.915362 8.95246
58 1.725 0.91565 9.36128
59 1.755 0.921962 9.78736
60 1.785 0.940095 10.2368
61 1.815 0.960743 10.7117
62 1.845 0.976077 11.2102
63 1.875 0.995709 11.7355
64 1.905 1.03548 12.2993
65 1.935 1.04845 12.8883
66 1.965 1.06421 13.5049
67 1.995 1.10445 14.1644
68 2.025 1.12255 14.8551
69 2.055 1.14178 15.5786
70 2.085 1.15233 16.3302
71 2.115 1.17264 17.1173
72 2.145 1.17646 17.9295
73 2.175 1.17159 18.7611
74 2.205 1.16534 19.6112
75 2.235 1.16111 20.4815
76 2.265 1.14643 21.364
77 2.295 1.13344 22.2597
78 2.325 1.11774 23.1663
79 2.355 1.09728 24.0794
80 2.385 1.09131 25.0108
81 2.415 1.07125 25.9482
82 2.445 1.06037 26.8994
83 2.475 1.04923 27.8637
84 2.505 1.03612 28.8393
85 2.535 1.02967 29.8321
86 2.565 1.01543 30.8345
87 2.595 1.0228 31.8679
88 2.625 1.01511 32.9174
89 2.655 1.02103 33.9973
90 2.685 1.00854 35.0883
91 2.715 1.00122 36.1956
92 2.745 1.00948 37.3369
93 2.775 1.00719 38.5007
94 2.805 1.01766 39.7021
95 2.835 1.01624 40.9276
96 2.865 1.00962 42.171
97 2.895 1.02284 43.4573
98 2.925 1.01526 44.7606
99 2.955 1.02601 46.1048
100 2.985 1.03132 47.4836
700000 100
1 0.015 0 0
2 0.045 0 0
3 0.075 0 0
4 0.105 0 0
5 0.135 0 0
6 0.165 0 0
7 0.195 0 0
8 0.225 0 0
9 0.255 0 0
10 0.285 0 0
11 0.315 0 0
12 0.345 0 0
13 0.375 0 0
14 0.405 0 0
15 0.435 0 0
16 0.465 0 0
17 0.495 0 0
18 0.525 0 0
19 0.555 0 0
20 0.585 0 0
21 0.615 0 0
22 0.645 0 0
23 0.675 0 0
24 0.705 0 0
25 0.735 0 0
26 0.765 0 0
27 0.795 0 0
28 0.825 0 0
29 0.855 0 0
30 0.885 0.000340344 4e-05
31 0.915 0.012895 0.00166
32 0.945 0.126565 0.01862
33 0.975 0.502366 0.09028
34 1.005 1.15982 0.26606
35 1.035 1.79806 0.55508
36 1.065 2.24675 0.93746
37 1.095 2.4417 1.37676
38 1.125 2.41959 1.83626
39 1.155 2.27965 2.29258
40 1.185 2.10466 2.73604
41 1.215 1.92319 3.16204
42 1.245 1.73101 3.56464
43 1.275 1.58074 3.95022
44 1.305 1.45952 4.32318
45 1.335 1.35442 4.68538
46 1.365 1.24726 5.03408
47 1.395 1.16844 5.37526
48 1.425 1.11221 5.71414
49 1.455 1.04724 6.0468
50 1.485 1.02427 6.38572
51 1.515 0.970871 6.72008
52 1.545 0.978262 7.07046
53 1.575 0.925876 7.41508
54 1.605 0.923773 7.77214
55 1.635 0.909182 8.13682
56 1.665 0.916718 8.51814
57 1.695 0.913646 8.912
58 1.725 0.909961 9.31828
59 1.755 0.92603 9.74624
60 1.785 0.936832 10.1941
61 1.815 0.958073 10.6677
62 1.845 0.965662 11.1609
63 1.875 1.0014 11.6891
64 1.905 1.01411 12.2413
65 1.935 1.04033 12.8258
66 1.965 1.0697 13.4455
67 1.995 1.09394 14.0988
68 2.025 1.10909 14.7812
69 2.055 1.13496 15.5004
70 2.085 1.1569 16.255
71 2.115 1.15658 17.0313
72 2.145 1.17745 17.8441
73 2.175 1.15857 18.6665
74 2.205 1.16208 19.5143
75 2.235 1.14694 20.3739
76 2.265 1.13885 21.2505
77 2.295 1.11382 22.1308
78 2.325 1.11106 23.0319
79 2.355 1.09134 23.9401
80 2.385 1.07449 24.8572
81 2.415 1.06533 25.7894
82 2.445 1.05839 26.7388
83 2.475 1.04697 27.701
84 2.505 1.03791 28.6783
85 2.535 1.03205 29.6734
86 2.565 1.03003 30.6902
87 2.595 1.00546 31.7061
88 2.625 1.01768 32.7583
89 2.655 1.0041 33.8203
90 2.685 1.00695 34.9095
91 2.715 1.00285 36.0187
92 2.745 1.00792 37.1582
93 2.775 0.997291 38.3105
94 2.805 1.00891 39.5016
95 2.835 1.00813 40.7173
96 2.865 1.01909 41.9724
97 2.895 1.00913 43.2414
98 2.925 1.01857 44.549
99 2.955 1.01314 45.8764
100 2.985 1.02127 47.2417
750000 100
1 0.015 0 0
2 0.045 0 0
3 0.075 0 0
4 0.105 0 0
5 0.135 0 0
6 0.165 0 0
7 0.195 0 0
8 0.225 0 0
9 0.255 0 0
10 0.285 0 0
11 0.315 0 0
12 0.345 0 0
13 0.375 0 0
14 0.405 0 0
15 0.435 0 0
16 0.465 0 0
17 0.495 0 0
18 0.525 0 0
19 0.555 0 0
20 0.585 0 0
21 0.615 0 0
22 0.645 0 0
23 0.675 0 0
24 0.705 0 0
25 0.735 0 0
26 0.765 0 0
27 0.795 0 0
28 0.825 0 0
29 0.855 0 0
30 0.885 0.000170172 2e-05
31 0.915 0.0127358 0.00162
32 0.945 0.11955 0.01764
33 0.975 0.511059 0.09054
34 1.005 1.16299 0.2668
35 1.035 1.8095 0.55766
36 1.065 2.26719 0.94352
37 1.095 2.45782 1.38572
38 1.125 2.44781 1.85058
39 1.155 2.29923 2.31082
40 1.185 2.11339 2.75612
41 1.215 1.90937 3.17906
42 1.245 1.74408 3.5847
43 1.275 1.61387 3.97836
44 1.305 1.46625 4.35304
45 1.335 1.34298 4.71218
46 1.365 1.26042 5.06456
47 1.395 1.17892 5.4088
48 1.425 1.11365 5.74812
49 1.455 1.05385 6.08288
50 1.485 1.0146 6.4186
51 1.515 0.998223 6.76238
52 1.545 0.960058 7.10624
53 1.575 0.935602 7.45448
54 1.605 0.920202 7.81016
55 1.635 0.920501 8.17938
56 1.665 0.91292 8.55912
57 1.695 0.910955 8.95182
58 1.725 0.907229 9.35688
59 1.755 0.926376 9.785
60 1.785 0.947248 10.2379
61 1.815 0.957385 10.7111
62 1.845 0.982499 11.2129
63 1.875 0.996847 11.7387
64 1.905 1.01947 12.2939
65 1.935 1.05204 12.8849
66 1.965 1.07899 13.51
67 1.995 1.10398 14.1693
68 2.025 1.1299 14.8645
69 2.055 1.15406 15.5958
70 2.085 1.16251 16.354
71 2.115 1.16162 17.1337
72 2.145 1.16928 17.9409
73 2.175 1.17122 18.7723
74 2.205 1.16474 19.622
75 2.235 1.15129 20.4849
76 2.265 1.1508 21.3707
77 2.295 1.12324 22.2584
78 2.325 1.11064 23.1592
79 2.355 1.10305 24.0771
80 2.385 1.08731 25.0051
81 2.415 1.07744 25.948
82 2.445 1.05598 26.8951
83 2.475 1.04794 27.8583
84 2.505 1.04116 28.8386
85 2.535 1.03442 29.836
86 2.565 1.02169 30.8446
87 2.595 1.01829 31.8735
88 2.625 1.01387 32.9217
89 2.655 1.00904 33.9889
90 2.685 1.00135 35.0721
91 2.715 1.0086 36.1876
92 2.745 1.0142 37.3342
93 2.775 1.00728 38.4981
94 2.805 1.00875 39.689
95 2.835 1.01001 40.907
96 2.865 1.01293 42.1545
97 2.895 1.01856 43.4353
98 2.925 1.01731 44.7413
99 2.955 1.03094 46.092
100 2.985 1.03529 47.4761
800000 100
1 0.015 0 0
2 0.045 0 0
3 0.075 0 0
4 0.105 0 0
5 0.135 0 0
6 0.165 0 0
7 0.195 0 0
8 0.225 0 0
9 0.255 0 0
10 0.285 0 0
11 0.315 0 0
12 0.345 0 0
13 0.375 0 0
14 0.405 0 0
15 0.435 0 0
16 0.465 0 0
17 0.495 0 0
18 0.525 0 0
19 0.555 0 0
20 0.585 0 0
21 0.615 0 0
22 0.645 0 0
23 0.675 0 0
24 0.705 0 0
25 0.735 0 0
26 0.765 0 0
27 0.795 0 0
28 0.825 0 0
29 0.855 0 0
30 0.885 0 0
31 0.915 0.0119398 0.0015
32 0.945 0.126863 0.0185
33 0.975 0.503487 0.09032
34 1.005 1.16405 0.26674
35 1.035 1.82394 0.55992
36 1.065 2.26308 0.94508
37 1.095 2.45393 1.38658
38 1.125 2.42138 1.84642
39 1.155 2.28784 2.30438
40 1.185 2.12867 2.7529
41 1.215 1.92021 3.17824
42 1.245 1.73635 3.58208
43 1.275 1.58336 3.9683
44 1.305 1.45091 4.33906
45 1.335 1.3278 4.69414
46 1.365 1.24468 5.04212
47 1.395 1.17577 5.38544
48 1.425 1.11136 5.72406
49 1.455 1.0456 6.0562
50 1.485 1.03086 6.3973
51 1.515 0.995668 6.7402
52 1.545 0.958048 7.08334
53 1.575 0.943393 7.43448
54 1.605 0.926877 7.79274
55 1.635 0.915465 8.15994
56 1.665 0.93071 8.54708
57 1.695 0.915919 8.94192
58 1.725 0.924878 9.35486
59 1.755 0.943384 9.79084
60 1.785 0.931477 10.2362
61 1.815 0.951437 10.7064
62 1.845 0.974589 11.2042
63 1.875 1.00178 11.7327
64 1.905 1.02402 12.2903
65 1.935 1.04991 12.8801
66 1.965 1.07384 13.5022
67 1.995 1.09976 14.159
68 2.025 1.11754 14.8466
69 2.055 1.14181 15.5701
70 2.085 1.14528 16.3171
71 2.115 1.15053 17.0894
72 2.145 1.1751 17.9006
73 2.175 1.16522 18.7277
74 2.205 1.14906 19.5659
75 2.235 1.1561 20.4324
76 2.265 1.14448 21.3134
77 2.295 1.12397 22.2017
78 2.325 1.11557 23.1065
79 2.355 1.09336 24.0163
80 2.385 1.08977 24.9464
81 2.415 1.06572 25.879
82 2.445 1.05553 26.8258
83 2.475 1.04971 27.7906
84 2.505 1.0327 28.7629
85 2.535 1.02977 29.7559
86 2.565 1.02456 30.7673
87 2.595 1.01497 31.7928
88 2.625 1.0071 32.834
89 2.655 1.01045 33.9028
90 2.685 1.01034 34.9956
91 2.715 1.01338 36.1164
92 2.745 1.00833 37.2564
93 2.775 1.01566 38.43
94 2.805 1.0138 39.6268
95 2.835 1.01281 40.8482
96 2.865 1.01781 42.1017
97 2.895 1.01494 43.378
98 2.925 1.02576 44.6948
99 2.955 1.0223 46.0342
100 2.985 1.0248 47.4043
850000 100
1 0.015 0 0
2 0.045 0 0
3 0.075 0 0
4 0.105 0 0
5 0.135 0 0
6 0.165 0 0
7 0.195 0 0
8 0.225 0 0
9 0.255 0 0
10 0.285 0 0
11 0.315 0 0
12 0.345 0 0
13 0.375 0 0
14 0.405 0 0
15 0.435 0 0
16 0.465 0 0
17 0.495 0 0
18 0.525 0 0
19 0.555 0 0
20 0.585 0 0
21 0.615 0 0
22 0.645 0 0
23 0.675 0 0
24 0.705 0 0
25 0.735 0 0
26 0.765 0 0
27 0.795 0 0
28 0.825 0 0
29 0.855 0 0
30 0.885 0.000170172 2e-05
31 0.915 0.0114622 0.00146
32 0.945 0.130147 0.0189
33 0.975 0.515826 0.09248
34 1.005 1.16088 0.26842
35 1.035 1.86176 0.56768
36 1.065 2.28517 0.9566
37 1.095 2.45715 1.39868
38 1.125 2.45676 1.86524
39 1.155 2.28614 2.32286
40 1.185 2.1226 2.7701
41 1.215 1.92716 3.19698
42 1.245 1.74847 3.60364
43 1.275 1.59657 3.99308
44 1.305 1.45764 4.36556
45 1.335 1.35981 4.7292
46 1.365 1.25842 5.08102
47 1.395 1.17652 5.42456
48 1.425 1.10775 5.76208
49 1.455 1.05706 6.09786
50 1.485 1.02246 6.43618
51 1.515 0.992881 6.77812
52 1.545 0.956652 7.12076
53 1.575 0.931464 7.46746
54 1.605 0.933086 7.82812
55 1.635 0.920551 8.19736
56 1.665 0.927441 8.58314
57 1.695 0.914666 8.97744
58 1.725 0.917128 9.38692
59 1.755 0.937109 9.82
60 1.785 0.948252 10.2733
61 1.815 0.966408 10.751
62 1.845 0.980189 11.2517
63 1.875 0.999766 11.779
64 1.905 1.0281 12.3389
65 1.935 1.05564 12.9319
66 1.965 1.0668 13.55
67 1.995 1.1069 14.211
68 2.025 1.12469 14.903
69 2.055 1.14061 15.6257
70 2.085 1.16006 16.3824
71 2.115 1.1671 17.1658
72 2.145 1.16957 17.9732
73 2.175 1.16266 18.7984
74 2.205 1.17156 19.6531
75 2.235 1.15439 20.5183
76 2.265 1.14487 21.3996
77 2.295 1.12665 22.29
78 2.325 1.10356 23.1851
79 2.355 1.10158 24.1018
80 2.385 1.09272 25.0344
81 2.415 1.07413 25.9743
82 2.445 1.05522 26.9208
83 2.475 1.03852 27.8754
84 2.505 1.04133 28.8558
85 2.535 1.03201 29.8509
86 2.565 1.01954 30.8573
87 2.595 1.02429 31.8923
88 2.625 1.01053 32.9371
89 2.655 1.00575 34.0008
90 2.685 1.00503 35.0879
91 2.715 1.0018 36.1959
92 2.745 1.01487 37.3433
93 2.775 1.01258 38.5133
94 2.805 1.0078 39.7031
95 2.835 1.01891 40.9318
96 2.865 1.0193 42.1872
97 2.895 1.01715 43.4662
98 2.925 1.02122 44.7772
99 2.955 1.02097 46.1149
100 2.985 1.02392 47.4838
900000 100
1 0.015 0 0
2 0.045 0 0
3 0.075 0 0
4 0.105 0 0
5 0.135 0 0
6 0.165 0 0
7 0.195 0 0
8 0.225 0 0
9 0.255 0 0
10 0.285 0 0
11 0.315 0 0
12 0.345 0 0
13 0.375 0 0
14 0.405 0 0
15 0.435 0 0
16 0.465 0 0
17 0.495 0 0
18 0.525 0 0
19 0.555 0 0
20 0.585 0 0
21 0.615 0 0
22 0.645 0 0
23 0.675 0 0
24 0.705 0 0
25 0.735 0 0
26 0.765 0 0
27 0.795 0 0
28 0.825 0 0
29 0.855 0 0
30 0.885 0.000170172 2e-05
31 0.915 0.0140094 0.00178
32 0.945 0.125818 0.01864
33 0.975 0.513582 0.0919
34 1.005 1.16497 0.26846
35 1.035 1.8217 0.56128
36 1.065 2.27495 0.94846
37 1.095 2.43225 1.38606
38 1.125 2.41748 1.84516
39 1.155 2.29913 2.30538
40 1.185 2.1039 2.74868
41 1.215 1.92644 3.1754
42 1.245 1.75182 3.58284
43 1.275 1.59976 3.97306
44 1.305 1.44691 4.3428
45 1.335 1.35592 4.7054
46 1.365 1.25269 5.05562
47 1.395 1.17782 5.39954
48 1.425 1.09436 5.73298
49 1.455 1.05146 6.06698
50 1.485 1.02923 6.40754
51 1.515 0.971974 6.74228
52 1.545 0.954809 7.08426
53 1.575 0.936784 7.43294
54 1.605 0.928429 7.7918
55 1.635 0.930473 8.16502
56 1.665 0.903881 8.541
57 1.695 0.918517 8.93696
58 1.725 0.926938 9.35082
59 1.755 0.925424 9.7785
60 1.785 0.954193 10.2347
61 1.815 0.94998 10.7042
62 1.845 0.972671 11.201
63 1.875 1.0078 11.7327
64 1.905 1.02858 12.2927
65 1.935 1.04179 12.878
66 1.965 1.06949 13.4976
67 1.995 1.09695 14.1527
68 2.025 1.11264 14.8373
69 2.055 1.14913 15.5654
70 2.085 1.15264 16.3173
71 2.115 1.16698 17.1005
72 2.145 1.16904 17.9076
73 2.175 1.16936 18.7376
74 2.205 1.16213 19.5854
75 2.235 1.1562 20.452
76 2.265 1.13716 21.3273
77 2.295 1.1239 22.2155
78 2.325 1.1077 23.114
79 2.355 1.09918 24.0287
80 2.385 1.08569 24.9553
81 2.415 1.06896 25.8907
82 2.445 1.05687 26.8387
83 2.475 1.04538 27.7995
84 2.505 1.0367 28.7756
85 2.535 1.02579 29.7647
86 2.565 1.02339 30.7749
87 2.595 1.01722 31.8027
88 2.625 1.0149 32.852
89 2.655 1.00737 33.9175
90 2.685 1.01485 35.0153
91 2.715 1.01144 36.1339
92 2.745 1.00897 37.2746
93 2.775 1.00861 38.44
94 2.805 1.01004 39.6324
95 2.835 1.00599 40.8456
96 2.865 1.0105 42.0901
97 2.895 1.0157 43.3674
98 2.925 1.01873 44.6751
99 2.955 1.02459 46.0175
100 2.985 1.02833 47.3923
950000 100
1 0.015 0 0
2 0.045 0 0
3 0.075 0 0
4 0.105 0 0
5 0.135 0 0
6 0.165 0 0
7 0.195 0 0
8 0.225 0 0
9 0.255 0 0
10 0.285 0 0
11 0.315 0 0
12 0.345 0 0
13 0.375 0 0
14 0.405 0 0
15 0.435 0 0
16 0.465 0 0
17 0.495 0 0
18 0.525 0 0
19 0.555 0 0
20 0.585 0 0
21 0.615 0 0
22 0.645 0 0
23 0.675 0 0
24 0.705 0 0
25 0.735 0 0
26 0.765 0 0
27 0.795 0 0
28 0.825 0 0
29 0.855 0 0
30 0.885 0.000340344 4e-05
31 0.915 0.0124174 0.0016
32 0.945 0.127759 0.01872
33 0.975 0.502366 0.09038
34 1.005 1.18608 0.27014
35 1.035 1.81361 0.56166
36 1.065 2.2525 0.94502
37 1.095 2.46171 1.38792
38 1.125 2.44865 1.85294
39 1.155 2.29044 2.31142
40 1.185 2.10731 2.75544
41 1.215 1.9417 3.18554
42 1.245 1.75397 3.59348
43 1.275 1.58828 3.9809
44 1.305 1.46108 4.35426
45 1.335 1.35061 4.71544
46 1.365 1.23889 5.0618
47 1.395 1.18111 5.40668
48 1.425 1.11418 5.74616
49 1.455 1.06669 6.085
50 1.485 1.0082 6.4186
51 1.515 0.987654 6.75874
52 1.545 0.951012 7.09936
53 1.575 0.929745 7.44542
54 1.605 0.915235 7.79918
55 1.635 0.908284 8.1635
56 1.665 0.918161 8.54542
57 1.695 0.911419 8.93832
58 1.725 0.926625 9.35204
59 1.755 0.929968 9.78182
60 1.785 0.937668 10.2301
61 1.815 0.963292 10.7062
62 1.845 0.983361 11.2085
63 1.875 1.0111 11.7419
64 1.905 1.00893 12.2912
65 1.935 1.0457 12.8787
66 1.965 1.07353 13.5007
67 1.995 1.1074 14.162
68 2.025 1.12369 14.8534
69 2.055 1.15292 15.5839
70 2.085 1.16371 16.343
71 2.115 1.17375 17.1308
72 2.145 1.17122 17.9393
73 2.175 1.17849 18.7758
74 2.205 1.16866 19.6284
75 2.235 1.15828 20.4965
76 2.265 1.13913 21.3734
77 2.295 1.13278 22.2686
78 2.325 1.11495 23.1729
79 2.355 1.09399 24.0833
80 2.385 1.08243 25.0071
81 2.415 1.08316 25.955
82 2.445 1.0544 26.9008
83 2.475 1.05621 27.8715
84 2.505 1.03682 28.8477
85 2.535 1.02548 29.8365
86 2.565 1.01597 30.8395
87 2.595 1.01455 31.8646
88 2.625 1.01113 32.91
89 2.655 1.00894 33.9771
90 2.685 1.01174 35.0715
91 2.715 1.01021 36.1888
92 2.745 1.01157 37.3324
93 2.775 1.00795 38.4971
94 2.805 1.01568 39.6961
95 2.835 1.01594 40.9213
96 2.865 1.02092 42.1786
97 2.895 1.01649 43.4569
98 2.925 1.03431 44.7847
99 2.955 1.02415 46.1265
100 2.985 1.03297 47.5075
1000000 100
1 0.015 0 0
2 0.045 0 0
3 0.075 0 0
4 0.105 0 0
5 0.135 0 0
6 0.165 0 0
7 0.195 0 0
8 0.225 0 0
9 0.255 0 0
10 0.285 0 0
11 0.315 0 0
12 0.345 0 0
13 0.375 0 0
14 0.405 0 0
15 0.435 0 0
16 0.465 0 0
17 0.495 0 0
18 0.525 0 0
19 0.555 0 0
20 0.585 0 0
21 0.615 0 0
22 0.645 0 0
23 0.675 0 0
24 0.705 0 0
25 0.735 0 0
26 0.765 0 0
27 0.795 0 0
28 0.825 0 0
29 0.855 0 0
30 0.885 0.000510516 6e-05
31 0.915 0.0122582 0.0016
32 0.945 0.126266 0.01852
33 0.975 0.520733 0.0928
34 1.005 1.18265 0.27204
35 1.035 1.88155 0.57448
36 1.065 2.25709 0.95862
37 1.095 2.43025 1.39586
38 1.125 2.43875 1.859
39 1.155 2.31302 2.322
40 1.185 2.12706 2.77018
41 1.215 1.94106 3.20014
42 1.245 1.76593 3.61086
43 1.275 1.59181 3.99914
44 1.305 1.45693 4.37144
45 1.335 1.34104 4.73006
46 1.365 1.26056 5.08248
47 1.395 1.17446 5.42542
48 1.425 1.11096 5.76392
49 1.455 1.06657 6.10272
50 1.485 1.02977 6.44346
51 1.515 0.986551 6.78322
52 1.545 0.960561 7.12726
53 1.575 0.944199 7.4787
54 1.605 0.933656 7.83958
55 1.635 0.920949 8.20898
56 1.665 0.922777 8.59282
57 1.695 0.914202 8.98692
58 1.725 0.927834 9.40118
59 1.755 0.932132 9.83196
60 1.785 0.950093 10.2862
61 1.815 0.971425 10.7663
62 1.845 0.981403 11.2676
63 1.875 0.997529 11.7938
64 1.905 1.03714 12.3585
65 1.935 1.05841 12.9532
66 1.965 1.0745 13.5757
67 1.995 1.10613 14.2362
68 2.025 1.12528 14.9286
69 2.055 1.15005 15.6573
70 2.085 1.17269 16.4222
71 2.115 1.18003 17.2143
72 2.145 1.18825 18.0346
73 2.175 1.18407 18.875
74 2.205 1.16945 19.7282
75 2.235 1.16125 20.5985
76 2.265 1.14729 21.4817
77 2.295 1.12944 22.3743
78 2.325 1.12016 23.2828
79 2.355 1.10009 24.1982
80 2.385 1.08963 25.1282
81 2.415 1.0742 26.0682
82 2.445 1.06401 27.0226
83 2.475 1.04431 27.9825
84 2.505 1.04515 28.9665
85 2.535 1.04041 29.9697
86 2.565 1.02264 30.9792
87 2.595 1.02474 32.0146
88 2.625 1.01734 33.0664
89 2.655 1.01361 34.1385
90 2.685 1.01651 35.238
91 2.715 1.01699 36.3628
92 2.745 1.01162 37.5066
93 2.775 1.01564 38.6801
94 2.805 1.01197 39.8747
95 2.835 1.0148 41.0985
96 2.865 1.01922 42.3538
97 2.895 1.02368 43.6411
98 2.925 1.02999 44.9633
99 2.955 1.03276 46.3164
100 2.985 1.03155 47.6955
